180,204;192,487;388,211;;-10.0,-3.0;-10.0,1.0;4.0,9.0
80,199;342,285;395,335;374,189;;10.0,0.0;-9.0,4.0;10.0,1.0;9.0,4.0
473,231;179,6;195,301;437,139;314,222;;5.0,9.0;0.0,-10.0;3.0,10.0;5.0,9.0;-8.0,7.0
67,346;322,217;322,473;419,505;158,250;170,99;;-5.0,-8.0;-3.0,-10.0;4.0,-9.0;-9.0,4.0;9.0,-4.0;-9.0,5.0
212,168;508,307;152,296;1,11;337,198;388,466;16,5;;9.0,-5.0;10.0,3.0;-10.0,-2.0;-2.0,10.0;2.0,-10.0;-1.0,10.0;7.0,-7.0
55,169;500,445;319,404;5,131;211,105;14,191;413,6;31,85;;9.0,-4.0;-10.0,-1.0;7.0,7.0;-9.0,5.0;-6.0,8.0;8.0,6.0;7.0,-7.0;-7.0,-7.0
259,134;399,9;262,197;28,162;79,237;313,182;493,94;93,89;370,457;;9.0,-4.0;9.0,3.0;10.0,-3.0;1.0,-10.0;10.0,2.0;0.0,10.0;9.0,-3.0;-8.0,-5.0;5.0,9.0
489,339;370,395;145,336;473,23;55,202;359,186;415,127;410,289;12,486;60,270;;8.0,-6.0;5.0,-9.0;-9.0,-5.0;3.0,-10.0;-4.0,-9.0;9.0,-4.0;3.0,10.0;-4.0,9.0;0.0,10.0;-7.0,7.0
88,505;378,238;499,432;13,211;274,193;453,311;466,208;160,491;90,322;327,229;442,61;;-10.0,0.0;9.0,-5.0;-2.0,10.0;-3.0,10.0;-5.0,-8.0;-6.0,-8.0;-7.0,7.0;-10.0,-3.0;-1.0,-10.0;8.0,-7.0;4.0,9.0
151,357;116,98;54,52;445,198;144,498;136,394;9,494;236,490;43,100;70,383;399,259;9,265;;8.0,-7.0;8.0,-6.0;10.0,0.0;-8.0,-6.0;-9.0,5.0;1.0,10.0;-1.0,-10.0;3.0,10.0;-7.0,-7.0;9.0,-4.0;-4.0,9.0;10.0,-2.0
413,24;300,451;374,399;5,442;73,369;262,393;41,407;472,13;333,229;170,164;105,397;422,57;408,468;;-3.0,10.0;-5.0,9.0;10.0,-1.0;6.0,8.0;-6.0,8.0;-9.0,3.0;8.0,6.0;8.0,-6.0;6.0,8.0;-4.0,-9.0;-10.0,3.0;-8.0,6.0;-9.0,-3.0
279,85;400,207;279,209;130,196;310,99;40,279;65,262;112,324;283,251;145,89;180,256;63,480;423,349;213,273;;9.0,-4.0;5.0,9.0;7.0,-7.0;7.0,7.0;0.0,10.0;5.0,-8.0;-10.0,-1.0;8.0,6.0;8.0,6.0;-10.0,0.0;10.0,2.0;-8.0,-6.0;7.0,7.0;-8.0,-6.0
9,201;69,173;466,410;394,436;51,473;442,230;174,371;505,433;272,43;102,48;141,219;464,359;188,358;191,105;226,273;;10.0,3.0;-6.0,-8.0;7.0,-7.0;1.0,10.0;-10.0,0.0;-5.0,9.0;2.0,10.0;9.0,4.0;4.0,-9.0;-8.0,7.0;9.0,-3.0;-9.0,5.0;-3.0,-9.0;9.0,-5.0;4.0,-9.0
213,135;309,357;207,333;123,225;415,127;457,203;147,160;362,8;425,120;397,326;184,76;470,75;45,464;210,228;258,26;71,252;;-10.0,-2.0;8.0,6.0;-5.0,-9.0;10.0,2.0;10.0,2.0;-8.0,-6.0;-10.0,1.0;-2.0,10.0;9.0,-4.0;7.0,7.0;-7.0,7.0;-9.0,-5.0;-10.0,0.0;-4.0,9.0;8.0,6.0;8.0,6.0
330,225;185,134;15,357;71,110;68,68;83,127;1,6;4,73;294,272;98,151;223,357;203,315;293,368;106,284;287,371;32,152;465,15;;-10.0,0.0;2.0,10.0;-9.0,-5.0;6.0,-8.0;2.0,10.0;10.0,2.0;3.0,-10.0;-2.0,-10.0;6.0,8.0;9.0,-5.0;-8.0,6.0;9.0,5.0;-8.0,-6.0;4.0,-9.0;-3.0,10.0;10.0,-1.0;-2.0,-10.0
472,3;218,218;219,11;175,384;73,365;129,18;392,49;285,27;157,103;59,140;246,263;152,218;405,461;17,200;96,134;89,20;440,63;290,52;;-4.0,9.0;4.0,-9.0;9.0,5.0;-1.0,10.0;10.0,-1.0;-7.0,7.0;-9.0,5.0;9.0,-4.0;10.0,0.0;8.0,6.0;7.0,-7.0;-10.0,2.0;6.0,8.0;-6.0,8.0;-1.0,10.0;-5.0,9.0;10.0,1.0;-2.0,-10.0
73,504;265,430;284,151;431,1;29,224;133,246;0,91;347,481;207,456;90,402;456,104;133,56;12,353;383,479;356,88;398,6;13,105;415,440;369,126;;-9.0,4.0;9.0,3.0;4.0,9.0;-5.0,-9.0;-10.0,-3.0;4.0,9.0;-10.0,3.0;-9.0,-4.0;-4.0,9.0;5.0,-8.0;-10.0,-1.0;-9.0,4.0;-2.0,-10.0;-8.0,5.0;-6.0,-8.0;0.0,-10.0;2.0,10.0;-3.0,10.0;-3.0,9.0
419,48;46,269;282,373;142,479;117,64;270,29;455,279;309,352;367,286;302,466;234,372;134,340;366,96;191,9;470,421;478,320;96,404;410,459;282,169;282,137;;-10.0,2.0;4.0,9.0;9.0,3.0;2.0,-10.0;9.0,4.0;-10.0,1.0;10.0,2.0;4.0,-9.0;0.0,-10.0;-5.0,9.0;0.0,-10.0;7.0,-7.0;10.0,2.0;10.0,-2.0;-7.0,7.0;8.0,-6.0;-10.0,-1.0;-3.0,10.0;-10.0,1.0;-8.0,-6.0
356,222;121,391;312,66;328,247;211,353;344,417;411,242;261,53;185,258;368,138;233,246;334,401;294,206;306,226;503,423;433,344;304,351;227,80;295,203;185,207;88,59;;-10.0,1.0;2.0,10.0;-10.0,1.0;-4.0,9.0;2.0,-10.0;9.0,3.0;-7.0,-7.0;7.0,-7.0;10.0,0.0;-9.0,-4.0;9.0,-4.0;6.0,-8.0;0.0,10.0;1.0,-10.0;-2.0,-10.0;-1.0,10.0;-9.0,-4.0;-10.0,-1.0;4.0,-9.0;10.0,-2.0;-1.0,10.0
400,33;123,93;380,337;422,134;421,423;479,365;202,19;104,103;484,62;103,267;178,373;234,245;197,355;435,254;223,41;465,181;490,12;481,133;176,455;144,102;496,497;204,12;;4.0,-9.0;1.0,-10.0;-10.0,0.0;10.0,2.0;-5.0,-9.0;2.0,10.0;-9.0,-5.0;-9.0,3.0;1.0,10.0;8.0,6.0;5.0,-9.0;-9.0,4.0;5.0,-9.0;-10.0,-3.0;9.0,4.0;-3.0,-10.0;3.0,10.0;10.0,0.0;9.0,-5.0;-8.0,-6.0;-9.0,-3.0;5.0,-9.0
467,402;207,106;472,179;402,138;79,353;464,115;213,408;336,284;99,14;386,484;300,231;210,236;319,201;185,365;7,95;125,349;324,284;43,82;383,333;0,131;422,378;504,321;389,6;;-7.0,7.0;-3.0,-10.0;0.0,10.0;-9.0,-3.0;-3.0,-10.0;-5.0,-9.0;-9.0,-5.0;1.0,-10.0;-10.0,3.0;10.0,0.0;-5.0,9.0;-8.0,6.0;-10.0,2.0;5.0,9.0;10.0,0.0;-10.0,0.0;4.0,-9.0;1.0,-10.0;-3.0,10.0;-10.0,-1.0;-8.0,6.0;6.0,8.0;-9.0,4.0
181,42;109,27;238,254;110,23;144,308;289,311;54,194;376,2;89,181;463,98;203,351;495,18;119,328;96,494;195,76;163,217;165,78;414,221;192,449;327,134;396,130;54,277;417,26;455,237;;9.0,4.0;7.0,7.0;-10.0,0.0;0.0,10.0;-3.0,9.0;2.0,10.0;5.0,-9.0;-8.0,-6.0;-4.0,-9.0;-9.0,5.0;10.0,-3.0;0.0,10.0;-9.0,4.0;-6.0,8.0;9.0,4.0;10.0,0.0;-9.0,-3.0;10.0,2.0;-10.0,-3.0;3.0,9.0;1.0,10.0;10.0,1.0;-7.0,-7.0;-3.0,-10.0
181,390;351,444;135,63;277,18;256,400;396,99;67,59;181,184;454,381;421,387;223,409;350,300;392,275;196,366;182,129;159,465;421,436;27,460;424,147;122,380;8,238;223,479;469,471;36,266;24,302;;3.0,-10.0;-9.0,-4.0;-3.0,9.0;10.0,0.0;7.0,-7.0;-9.0,4.0;-9.0,-4.0;10.0,-2.0;-9.0,-4.0;4.0,-9.0;10.0,1.0;-1.0,10.0;-8.0,6.0;6.0,-8.0;-3.0,-10.0;-7.0,-7.0;4.0,9.0;8.0,6.0;5.0,9.0;-2.0,10.0;-10.0,-1.0;8.0,-6.0;3.0,9.0;7.0,-7.0;7.0,-7.0
56,234;409,255;391,299;142,435;202,497;412,380;383,197;480,473;445,226;409,338;61,467;490,499;1,286;216,339;187,466;279,15;57,52;240,184;108,84;150,66;137,352;475,168;426,11;330,511;149,242;222,268;;-10.0,3.0;9.0,-4.0;-6.0,-8.0;-10.0,-2.0;-9.0,-5.0;9.0,-5.0;-1.0,-10.0;9.0,-5.0;-3.0,9.0;4.0,9.0;8.0,-6.0;-9.0,-5.0;1.0,10.0;-8.0,-5.0;9.0,-3.0;7.0,-7.0;9.0,5.0;-10.0,2.0;-9.0,-4.0;-9.0,-5.0;8.0,6.0;-6.0,8.0;2.0,10.0;3.0,-9.0;7.0,-7.0;-10.0,2.0
173,284;250,375;79,282;268,61;174,388;413,488;299,291;167,398;68,486;265,94;95,208;398,11;244,240;54,429;363,57;207,397;136,283;215,260;240,467;182,501;419,201;503,186;399,408;85,393;80,462;198,410;93,476;;-7.0,-7.0;8.0,6.0;-9.0,3.0;6.0,8.0;-9.0,4.0;5.0,9.0;-7.0,7.0;3.0,10.0;9.0,-3.0;-8.0,5.0;-1.0,10.0;1.0,10.0;-10.0,-2.0;9.0,5.0;2.0,-10.0;2.0,10.0;-8.0,6.0;7.0,7.0;10.0,0.0;-8.0,6.0;6.0,8.0;9.0,-4.0;4.0,-9.0;10.0,-3.0;10.0,-2.0;10.0,2.0;5.0,-9.0
270,124;226,314;461,185;370,438;333,6;34,269;389,8;176,124;94,175;424,460;204,210;497,488;125,458;71,297;127,132;504,439;429,142;118,63;257,6;345,446;60,342;297,38;464,110;60,425;220,393;31,281;463,499;295,215;;7.0,7.0;-6.0,-8.0;-1.0,10.0;-8.0,-6.0;10.0,2.0;-9.0,5.0;-2.0,-10.0;8.0,-6.0;8.0,-6.0;1.0,-10.0;-8.0,6.0;5.0,9.0;0.0,10.0;10.0,0.0;7.0,-7.0;-9.0,5.0;7.0,-7.0;-4.0,-9.0;1.0,10.0;-9.0,4.0;7.0,8.0;-8.0,6.0;8.0,5.0;-4.0,9.0;-7.0,7.0;-9.0,-3.0;7.0,7.0;-8.0,-7.0
91,49;339,71;96,306;500,230;481,131;3,265;123,248;438,372;116,194;393,251;444,335;441,404;407,415;101,249;37,75;330,122;1,47;491,485;337,506;264,153;32,138;139,449;437,153;232,272;73,11;268,114;164,376;28,423;471,28;;9.0,-5.0;4.0,9.0;9.0,-4.0;-7.0,-7.0;-2.0,-10.0;10.0,1.0;9.0,4.0;8.0,-6.0;8.0,6.0;-9.0,4.0;-8.0,-5.0;9.0,-4.0;7.0,7.0;5.0,-8.0;-1.0,10.0;-4.0,9.0;2.0,-10.0;7.0,-7.0;6.0,8.0;9.0,3.0;-10.0,-2.0;7.0,-8.0;-9.0,-5.0;-9.0,3.0;6.0,-8.0;-4.0,-9.0;0.0,-10.0;-8.0,-6.0;-8.0,6.0
434,315;6,491;157,460;60,191;132,324;278,429;464,291;253,12;323,401;222,34;368,292;457,313;227,19;302,216;461,487;457,472;25,384;475,224;205,399;385,233;508,508;143,117;169,406;301,304;0,430;168,85;30,368;504,480;196,140;101,68;;-10.0,2.0;-10.0,0.0;7.0,-7.0;-7.0,7.0;5.0,-9.0;5.0,9.0;7.0,-7.0;-7.0,-7.0;-4.0,-9.0;0.0,10.0;-4.0,9.0;1.0,-10.0;6.0,8.0;-10.0,1.0;-9.0,4.0;10.0,1.0;10.0,0.0;-9.0,5.0;10.0,-2.0;9.0,-4.0;10.0,0.0;-10.0,3.0;-10.0,1.0;-7.0,7.0;10.0,-1.0;-5.0,9.0;5.0,8.0;-6.0,8.0;4.0,9.0;-5.0,8.0
69,157;254,365;126,508;268,322;110,81;88,192;207,136;340,361;208,377;119,40;419,376;429,17;27,385;265,135;210,171;330,356;76,116;399,92;294,399;104,112;428,126;317,282;179,305;41,383;31,498;447,335;56,11;472,335;374,71;48,505;56,104;;-4.0,-9.0;6.0,-8.0;-7.0,7.0;1.0,-10.0;10.0,1.0;9.0,-4.0;0.0,-10.0;-6.0,8.0;-8.0,6.0;10.0,-1.0;3.0,9.0;-10.0,-1.0;10.0,-3.0;7.0,-7.0;-10.0,-2.0;9.0,-5.0;-3.0,-9.0;-9.0,5.0;2.0,10.0;9.0,4.0;-8.0,-6.0;-10.0,2.0;-10.0,0.0;-5.0,-9.0;-1.0,-10.0;-9.0,-4.0;-10.0,-1.0;3.0,-9.0;-9.0,5.0;5.0,-8.0;10.0,-3.0
331,136;430,469;124,270;112,128;360,360;464,474;30,77;288,150;325,96;461,207;186,174;450,249;61,443;231,41;266,354;72,453;135,104;471,410;115,121;266,505;398,375;328,497;344,271;501,3;11,431;80,17;333,323;152,154;279,37;326,151;350,391;405,269;;-10.0,1.0;2.0,10.0;5.0,-8.0;2.0,10.0;-6.0,8.0;10.0,2.0;9.0,-5.0;10.0,-3.0;-8.0,-6.0;8.0,6.0;10.0,3.0;5.0,-8.0;3.0,-9.0;4.0,-9.0;-9.0,-5.0;-8.0,7.0;3.0,-10.0;8.0,-5.0;-6.0,-8.0;7.0,7.0;-2.0,-10.0;3.0,-9.0;-10.0,2.0;-8.0,5.0;3.0,9.0;10.0,-1.0;1.0,-10.0;-8.0,6.0;-2.0,10.0;10.0,3.0;-7.0,7.0;0.0,-10.0
481,83;211,196;417,479;72,318;428,99;296,93;395,37;426,214;479,45;240,263;266,192;358,74;238,501;126,498;264,108;216,81;152,232;353,163;149,80;16,196;364,445;291,221;495,425;364,422;108,369;452,377;480,27;143,1;152,273;153,487;163,257;422,187;422,320;;4.0,-9.0;-1.0,10.0;-2.0,10.0;5.0,8.0;8.0,6.0;-6.0,8.0;5.0,9.0;-1.0,-10.0;4.0,-9.0;10.0,0.0;8.0,-6.0;9.0,5.0;5.0,9.0;5.0,-9.0;0.0,-10.0;-10.0,-1.0;4.0,-9.0;-6.0,8.0;-2.0,10.0;3.0,-9.0;10.0,-3.0;7.0,8.0;-9.0,-4.0;-9.0,-5.0;2.0,10.0;-3.0,-9.0;1.0,10.0;-5.0,-9.0;2.0,-10.0;10.0,-3.0;0.0,-10.0;-4.0,9.0;9.0,-3.0
108,466;360,61;406,220;453,243;116,235;445,212;187,162;302,500;412,490;323,183;101,353;315,488;370,447;44,361;232,473;114,182;352,315;187,82;501,209;429,412;415,461;400,364;356,17;183,302;502,219;100,266;28,422;267,21;64,405;45,510;147,110;39,453;510,413;333,9;;7.0,-7.0;2.0,10.0;-8.0,-6.0;8.0,-6.0;9.0,-5.0;6.0,-8.0;10.0,-1.0;10.0,2.0;4.0,9.0;-10.0,1.0;6.0,-8.0;-5.0,-8.0;1.0,-10.0;10.0,2.0;-4.0,9.0;0.0,-10.0;9.0,-5.0;10.0,1.0;-7.0,-8.0;7.0,7.0;10.0,3.0;-4.0,-9.0;7.0,8.0;-10.0,2.0;-9.0,5.0;7.0,7.0;-8.0,6.0;6.0,8.0;-1.0,-10.0;-3.0,9.0;10.0,-1.0;4.0,9.0;9.0,-5.0;7.0,7.0
196,204;36,281;274,503;359,478;435,476;224,107;190,75;511,366;496,349;402,350;131,228;329,243;46,481;508,87;4,366;224,273;138,217;7,143;200,412;154,131;203,133;131,404;72,367;407,400;22,109;451,293;183,89;193,270;465,509;208,367;7,446;252,384;98,468;292,61;367,418;;-8.0,6.0;2.0,10.0;5.0,-9.0;-3.0,-9.0;5.0,-9.0;-5.0,-9.0;-2.0,-10.0;-9.0,5.0;-5.0,9.0;-8.0,-6.0;-8.0,-6.0;-8.0,6.0;10.0,-2.0;10.0,1.0;-10.0,-2.0;-7.0,-7.0;-6.0,-8.0;-5.0,-9.0;-10.0,-1.0;-8.0,6.0;5.0,8.0;-9.0,-3.0;-6.0,-8.0;-8.0,5.0;-8.0,-6.0;10.0,0.0;8.0,-6.0;-8.0,-6.0;-10.0,-1.0;-2.0,-10.0;7.0,7.0;-9.0,3.0;8.0,-6.0;6.0,-8.0;4.0,9.0
334,342;383,334;123,277;129,479;176,316;374,79;153,353;256,430;465,431;56,398;81,166;96,228;268,283;159,30;245,209;142,89;345,483;374,278;257,88;458,410;290,60;227,487;118,256;507,71;133,59;217,422;69,140;169,101;152,471;72,394;436,109;454,217;419,168;315,275;283,404;10,362;;5.0,-9.0;8.0,5.0;-6.0,8.0;-10.0,-2.0;-8.0,5.0;-10.0,0.0;-9.0,-4.0;10.0,3.0;4.0,-9.0;8.0,6.0;7.0,7.0;9.0,4.0;9.0,-5.0;-9.0,4.0;1.0,-10.0;-2.0,-10.0;7.0,-7.0;-6.0,-8.0;8.0,6.0;6.0,8.0;10.0,-3.0;10.0,-1.0;3.0,-9.0;1.0,10.0;-4.0,9.0;-1.0,-10.0;1.0,-10.0;2.0,10.0;-9.0,5.0;2.0,-10.0;-9.0,-4.0;6.0,-8.0;7.0,-7.0;6.0,8.0;-10.0,1.0;-7.0,-7.0
69,243;367,85;502,432;370,336;192,357;261,493;243,219;26,220;431,360;22,285;507,114;367,291;108,66;417,96;84,78;212,88;146,122;332,306;269,55;212,500;169,484;177,330;127,171;364,451;75,49;379,299;323,241;141,469;28,172;26,102;277,415;178,167;116,405;424,66;60,416;309,166;115,440;;-6.0,8.0;6.0,-8.0;-5.0,9.0;8.0,6.0;-10.0,0.0;-10.0,-1.0;-7.0,-7.0;-5.0,9.0;-2.0,10.0;-10.0,1.0;9.0,3.0;0.0,10.0;-2.0,-10.0;-9.0,5.0;-4.0,9.0;6.0,8.0;-10.0,1.0;4.0,9.0;-9.0,4.0;-6.0,-8.0;-8.0,6.0;3.0,-9.0;10.0,-1.0;-10.0,1.0;-3.0,9.0;10.0,1.0;8.0,7.0;2.0,10.0;0.0,-10.0;10.0,0.0;-10.0,1.0;-2.0,-10.0;4.0,-9.0;8.0,-6.0;8.0,-6.0;7.0,7.0;-7.0,-7.0
98,267;275,374;428,205;188,491;343,375;171,408;158,61;42,130;469,331;261,454;276,265;469,333;398,242;100,43;30,137;462,13;387,42;60,312;326,318;269,187;182,471;320,353;71,372;33,165;402,222;431,50;122,415;105,55;102,297;236,317;287,215;35,134;55,211;441,55;209,386;402,462;253,68;145,308;;-6.0,8.0;-1.0,-10.0;-6.0,8.0;3.0,-10.0;4.0,9.0;2.0,10.0;7.0,7.0;10.0,1.0;9.0,5.0;-7.0,-7.0;-7.0,7.0;9.0,4.0;8.0,6.0;-2.0,-10.0;-1.0,-10.0;8.0,-6.0;7.0,7.0;-9.0,-4.0;-8.0,-6.0;-3.0,10.0;-6.0,-8.0;1.0,10.0;3.0,-10.0;-9.0,5.0;5.0,9.0;5.0,9.0;8.0,-6.0;6.0,-8.0;-2.0,-10.0;-9.0,4.0;-9.0,5.0;-6.0,-8.0;-9.0,-4.0;6.0,8.0;-5.0,9.0;7.0,-7.0;10.0,-1.0;-7.0,-7.0
476,101;386,128;98,148;459,27;220,270;400,176;36,16;185,230;200,289;210,387;66,181;465,480;438,7;363,493;117,207;353,98;391,497;423,131;317,248;165,235;312,161;474,69;136,438;112,101;406,175;310,325;8,335;149,145;180,283;354,475;103,13;485,263;315,228;250,169;150,222;147,441;209,306;330,438;287,52;;-4.0,9.0;0.0,-10.0;-6.0,-8.0;10.0,-2.0;1.0,10.0;9.0,-5.0;2.0,10.0;-10.0,0.0;2.0,10.0;-8.0,-6.0;-10.0,0.0;-8.0,6.0;-3.0,10.0;-10.0,1.0;10.0,3.0;0.0,-10.0;-6.0,8.0;10.0,-2.0;-8.0,-7.0;8.0,6.0;-5.0,-9.0;6.0,8.0;0.0,-10.0;-3.0,9.0;-6.0,8.0;-6.0,-8.0;0.0,-10.0;9.0,-5.0;-8.0,-6.0;-6.0,8.0;10.0,-2.0;-7.0,7.0;-9.0,5.0;3.0,10.0;10.0,3.0;10.0,1.0;6.0,-8.0;-10.0,-2.0;10.0,-2.0
99,100;107,355;441,290;268,377;230,66;91,271;194,120;270,37;27,182;107,298;405,222;396,87;281,501;502,83;466,295;149,223;441,401;28,35;368,115;231,2;399,160;272,40;104,82;1,256;27,59;139,54;277,223;351,112;64,333;102,4;204,87;198,418;217,180;216,359;390,24;227,19;230,491;170,191;447,424;214,178;;0.0,10.0;6.0,-8.0;8.0,-6.0;5.0,9.0;8.0,-6.0;1.0,10.0;9.0,4.0;-1.0,-10.0;10.0,-2.0;10.0,0.0;9.0,4.0;10.0,-1.0;7.0,-7.0;-10.0,0.0;-10.0,0.0;10.0,2.0;-8.0,-6.0;-5.0,8.0;-6.0,8.0;10.0,-1.0;0.0,10.0;-3.0,-10.0;9.0,-5.0;-9.0,4.0;-9.0,-4.0;9.0,-4.0;3.0,-10.0;-1.0,10.0;8.0,-7.0;-3.0,10.0;3.0,-9.0;7.0,7.0;0.0,10.0;8.0,-6.0;10.0,-1.0;-9.0,4.0;-8.0,-6.0;10.0,3.0;-3.0,-10.0;1.0,-10.0
113,185;98,11;456,213;484,267;295,150;361,274;395,309;217,311;93,479;277,401;240,290;15,110;486,61;467,225;319,494;54,330;346,69;135,241;125,380;439,320;427,471;74,338;57,493;27,313;142,31;112,389;10,229;21,492;289,290;349,174;191,200;16,165;162,41;293,352;19,50;161,375;288,118;9,408;491,473;67,103;27,8;;10.0,0.0;-10.0,-2.0;-4.0,9.0;-8.0,6.0;-7.0,8.0;-1.0,10.0;2.0,-10.0;-7.0,-7.0;-7.0,7.0;8.0,-6.0;-1.0,-10.0;-10.0,-2.0;10.0,2.0;-6.0,-8.0;1.0,10.0;9.0,4.0;2.0,-10.0;9.0,5.0;-5.0,-9.0;1.0,-10.0;-4.0,9.0;-6.0,-8.0;0.0,-10.0;9.0,-4.0;-9.0,5.0;-7.0,-7.0;9.0,-5.0;-10.0,-2.0;-8.0,-6.0;8.0,6.0;-10.0,0.0;5.0,9.0;3.0,-10.0;2.0,10.0;-3.0,-9.0;-10.0,3.0;-10.0,3.0;8.0,-6.0;9.0,-5.0;-9.0,4.0;9.0,-3.0
465,268;10,168;12,191;509,309;236,40;431,153;209,187;102,222;294,496;85,139;151,494;212,112;131,437;86,207;471,342;500,502;6,86;193,225;500,374;398,176;291,445;126,265;350,455;193,305;436,419;277,386;408,205;57,428;137,263;507,17;108,76;259,109;314,410;328,12;132,466;212,113;227,383;7,149;434,453;461,260;168,405;273,281;;10.0,-2.0;9.0,5.0;0.0,-10.0;-7.0,-8.0;4.0,-9.0;10.0,1.0;-3.0,-10.0;9.0,4.0;8.0,6.0;9.0,-5.0;2.0,10.0;-2.0,10.0;-10.0,1.0;1.0,10.0;6.0,-8.0;-6.0,8.0;-3.0,10.0;2.0,-10.0;-3.0,-9.0;0.0,10.0;10.0,-2.0;-8.0,5.0;3.0,9.0;-9.0,4.0;4.0,-9.0;3.0,10.0;-9.0,-3.0;7.0,-7.0;-10.0,3.0;3.0,-10.0;-10.0,-3.0;5.0,8.0;-7.0,7.0;-8.0,6.0;1.0,-10.0;10.0,0.0;1.0,10.0;-6.0,-8.0;-2.0,10.0;4.0,-9.0;-6.0,8.0;-8.0,6.0
58,185;28,394;193,78;176,385;53,309;440,344;384,99;316,4;163,121;83,304;331,55;234,501;315,254;276,212;62,308;355,298;106,101;11,424;30,341;159,31;153,469;297,434;494,232;394,316;0,78;484,181;278,212;290,464;345,247;143,350;349,469;408,442;60,59;74,171;290,477;167,235;39,476;13,402;229,315;433,401;43,374;327,428;454,151;;10.0,-1.0;8.0,5.0;10.0,0.0;-3.0,-10.0;-8.0,-6.0;10.0,-2.0;9.0,4.0;-9.0,5.0;-1.0,10.0;7.0,-7.0;-4.0,-9.0;8.0,6.0;-10.0,-2.0;10.0,-2.0;0.0,10.0;-7.0,-7.0;-3.0,10.0;-7.0,-7.0;-1.0,-10.0;8.0,6.0;-7.0,7.0;-9.0,3.0;-7.0,-7.0;-6.0,-8.0;3.0,-10.0;0.0,10.0;-10.0,-1.0;-9.0,4.0;0.0,-10.0;1.0,10.0;-9.0,-3.0;-10.0,1.0;-9.0,-3.0;7.0,7.0;-9.0,-3.0;-10.0,-2.0;1.0,10.0;6.0,-8.0;6.0,8.0;8.0,6.0;-3.0,-10.0;-9.0,-4.0;-5.0,-9.0
317,43;337,71;479,480;27,103;511,8;249,83;343,83;61,50;366,1;122,126;341,216;422,286;92,121;506,452;482,436;246,304;262,215;85,27;445,5;49,46;481,311;96,250;445,505;406,451;404,330;360,320;256,370;80,211;219,386;448,397;175,501;494,494;373,271;203,510;309,194;412,48;495,234;467,502;143,277;310,239;181,393;306,466;229,70;73,511;;-7.0,-8.0;-1.0,10.0;0.0,10.0;10.0,3.0;9.0,3.0;-9.0,-4.0;-1.0,-10.0;9.0,-3.0;2.0,10.0;-9.0,-5.0;-10.0,-1.0;-3.0,-10.0;4.0,9.0;-7.0,-7.0;2.0,-10.0;7.0,-7.0;10.0,-2.0;-8.0,-6.0;-4.0,9.0;-10.0,-2.0;6.0,-8.0;10.0,-2.0;-1.0,10.0;10.0,3.0;-4.0,9.0;-2.0,-10.0;7.0,-7.0;-3.0,10.0;-6.0,8.0;5.0,-9.0;-9.0,5.0;-9.0,4.0;1.0,10.0;-5.0,8.0;9.0,-5.0;10.0,-1.0;1.0,-10.0;-9.0,4.0;3.0,-9.0;9.0,-3.0;-7.0,7.0;8.0,7.0;-2.0,10.0;-6.0,8.0
2,280;94,359;88,263;377,118;255,311;164,27;33,380;241,199;369,501;115,363;185,378;326,154;337,137;184,100;157,20;244,69;296,300;133,290;263,366;442,89;239,487;61,488;120,266;30,328;120,233;73,511;279,395;50,442;140,42;473,213;10,446;103,432;116,271;411,6;133,493;459,383;58,502;473,364;501,198;174,123;259,197;125,485;351,406;207,211;61,366;;-2.0,10.0;-8.0,6.0;1.0,10.0;5.0,-9.0;-4.0,9.0;-6.0,-8.0;-10.0,1.0;-8.0,7.0;10.0,-2.0;8.0,-6.0;-10.0,-3.0;0.0,10.0;4.0,9.0;-6.0,-8.0;6.0,-8.0;8.0,6.0;2.0,-10.0;10.0,-2.0;-9.0,3.0;3.0,10.0;10.0,-3.0;-8.0,6.0;-3.0,-9.0;8.0,6.0;10.0,-2.0;-10.0,-1.0;-4.0,-9.0;-1.0,-10.0;9.0,-3.0;-10.0,0.0;9.0,4.0;-1.0,10.0;-4.0,-9.0;10.0,-2.0;-4.0,-9.0;3.0,-9.0;4.0,-9.0;-10.0,1.0;9.0,-4.0;0.0,-10.0;4.0,9.0;0.0,10.0;4.0,-9.0;9.0,-3.0;-8.0,-5.0
395,203;399,478;279,317;451,58;464,75;83,452;48,284;165,487;362,235;510,8;361,177;308,17;6,211;414,324;269,119;233,129;67,503;455,361;251,8;16,365;468,506;407,109;42,430;252,234;157,281;156,419;471,100;496,485;203,504;491,232;176,458;152,446;96,233;269,469;348,503;235,490;132,147;89,48;471,327;192,490;87,200;343,71;287,376;466,473;43,106;262,420;;-2.0,10.0;2.0,10.0;-9.0,5.0;6.0,-8.0;-10.0,-2.0;9.0,-4.0;8.0,6.0;5.0,9.0;-8.0,6.0;9.0,4.0;5.0,9.0;1.0,-10.0;-4.0,-9.0;-9.0,-3.0;-8.0,-6.0;9.0,-5.0;-5.0,9.0;-8.0,6.0;9.0,-5.0;-8.0,6.0;4.0,-9.0;9.0,4.0;1.0,-10.0;-10.0,1.0;-5.0,9.0;-6.0,-8.0;3.0,-9.0;-2.0,-10.0;10.0,1.0;-10.0,0.0;-9.0,-4.0;-5.0,9.0;-6.0,-8.0;8.0,6.0;1.0,10.0;-7.0,7.0;2.0,-10.0;-3.0,-10.0;8.0,-5.0;3.0,-10.0;-5.0,9.0;10.0,3.0;-8.0,-6.0;-9.0,4.0;5.0,9.0;-4.0,-9.0
370,157;265,156;261,400;252,196;446,327;79,326;305,264;237,125;152,365;107,172;282,287;358,396;508,510;115,456;253,291;186,465;333,444;261,107;275,317;446,222;461,121;116,100;158,243;358,103;337,100;172,114;227,6;250,230;476,166;273,26;232,452;377,433;158,497;194,134;124,60;335,489;275,40;189,67;294,216;56,107;52,131;330,278;421,291;159,217;347,302;465,101;6,47;;10.0,-2.0;-8.0,-5.0;10.0,3.0;0.0,10.0;-10.0,2.0;-9.0,5.0;-10.0,-2.0;1.0,10.0;0.0,-10.0;-8.0,6.0;9.0,5.0;-10.0,3.0;-10.0,-1.0;-7.0,7.0;4.0,-9.0;-7.0,7.0;2.0,-10.0;-10.0,1.0;-6.0,8.0;-9.0,5.0;-8.0,-6.0;10.0,-3.0;9.0,5.0;9.0,-4.0;-9.0,-5.0;-2.0,-10.0;8.0,5.0;4.0,-9.0;0.0,10.0;-10.0,0.0;10.0,0.0;10.0,0.0;4.0,9.0;8.0,-6.0;10.0,-2.0;3.0,9.0;9.0,-4.0;10.0,1.0;10.0,-1.0;-8.0,-5.0;8.0,6.0;-1.0,10.0;6.0,8.0;9.0,5.0;-9.0,-3.0;-10.0,2.0;-7.0,7.0
380,411;330,367;332,249;376,68;81,438;220,71;269,396;166,388;266,453;495,356;280,294;419,28;383,246;254,46;232,411;164,146;192,396;362,260;304,456;167,26;165,35;122,319;433,98;471,203;115,484;337,66;256,60;383,86;332,267;78,42;385,480;325,10;328,27;508,429;463,473;315,327;351,380;295,51;507,470;45,398;424,211;139,346;203,1;303,307;306,489;150,249;21,359;95,25;;-10.0,0.0;-8.0,-6.0;-10.0,-1.0;10.0,1.0;9.0,-5.0;5.0,-9.0;3.0,-10.0;5.0,-9.0;-7.0,7.0;-6.0,-8.0;-1.0,10.0;5.0,-9.0;-10.0,3.0;-3.0,-9.0;-10.0,-3.0;8.0,-6.0;-8.0,6.0;9.0,-5.0;-4.0,9.0;10.0,-1.0;8.0,7.0;-10.0,3.0;-7.0,-7.0;9.0,4.0;-3.0,-10.0;8.0,-6.0;-10.0,0.0;-2.0,-10.0;-2.0,10.0;-10.0,-2.0;-4.0,-9.0;-3.0,-10.0;-9.0,4.0;-10.0,-3.0;10.0,0.0;-2.0,-10.0;10.0,0.0;10.0,1.0;-8.0,-5.0;-4.0,-9.0;6.0,8.0;-5.0,-9.0;-9.0,5.0;-5.0,-8.0;-1.0,10.0;-8.0,-6.0;1.0,-10.0;10.0,0.0
450,508;48,270;290,153;485,218;353,212;53,23;498,11;266,120;487,63;499,379;172,253;4,329;322,314;76,413;343,65;350,299;111,382;212,221;95,273;55,27;272,344;10,99;165,132;478,463;203,295;13,315;405,332;209,470;306,138;349,174;277,89;328,219;39,145;361,246;38,11;200,323;379,113;111,456;462,45;103,77;219,122;313,208;469,290;227,142;167,252;420,124;225,413;310,28;120,481;;-7.0,-7.0;-3.0,10.0;8.0,-7.0;10.0,-3.0;7.0,7.0;10.0,3.0;-5.0,9.0;-10.0,-2.0;10.0,-2.0;-10.0,2.0;-8.0,7.0;-9.0,4.0;3.0,10.0;-1.0,-10.0;1.0,-10.0;9.0,-4.0;-10.0,-2.0;8.0,6.0;-4.0,-9.0;-8.0,-5.0;1.0,-10.0;-7.0,7.0;10.0,1.0;-3.0,10.0;5.0,-9.0;-8.0,-6.0;-3.0,-9.0;-3.0,10.0;-5.0,8.0;5.0,9.0;7.0,7.0;-6.0,8.0;10.0,-2.0;-10.0,0.0;9.0,-4.0;10.0,0.0;-7.0,8.0;-10.0,0.0;-7.0,7.0;-4.0,-9.0;8.0,6.0;-10.0,0.0;10.0,-3.0;4.0,-9.0;1.0,-10.0;-9.0,5.0;7.0,-7.0;6.0,-8.0;10.0,-3.0
233,366;127,429;329,117;454,89;131,211;93,136;157,357;347,89;290,118;387,359;150,83;321,81;13,498;149,349;335,320;16,153;354,300;122,70;392,299;60,365;46,366;260,500;223,463;104,79;246,243;107,120;80,420;287,476;115,145;102,331;137,364;351,11;227,111;209,67;257,372;374,32;201,209;439,297;500,120;98,57;504,4;336,194;139,483;500,159;413,497;341,120;200,276;315,127;410,398;486,509;;-7.0,-7.0;9.0,-4.0;4.0,9.0;-10.0,-3.0;8.0,-6.0;8.0,6.0;-9.0,-5.0;-10.0,2.0;-1.0,10.0;-9.0,-4.0;-9.0,4.0;8.0,6.0;-4.0,-9.0;5.0,-8.0;10.0,1.0;-9.0,-4.0;-2.0,10.0;10.0,1.0;-9.0,4.0;-4.0,-9.0;3.0,-10.0;0.0,-10.0;-10.0,3.0;6.0,-8.0;-5.0,9.0;-8.0,-7.0;8.0,-6.0;3.0,-10.0;10.0,-2.0;-3.0,10.0;9.0,-3.0;-1.0,10.0;-10.0,-1.0;-2.0,-10.0;9.0,4.0;3.0,-10.0;7.0,-8.0;-9.0,-4.0;-7.0,-7.0;-4.0,9.0;-9.0,-4.0;7.0,-7.0;-2.0,10.0;4.0,9.0;10.0,2.0;10.0,1.0;10.0,-1.0;-9.0,5.0;-7.0,-7.0;9.0,4.0
355,165;6,350;251,444;301,349;425,239;340,310;247,31;413,195;502,182;450,156;244,265;257,322;374,461;160,388;437,213;355,339;467,508;202,509;490,238;319,435;48,50;90,374;79,61;101,255;38,140;273,310;268,140;127,447;310,271;73,395;405,292;80,335;159,250;253,361;295,457;422,401;499,84;221,137;273,448;301,337;147,506;480,147;189,171;408,17;464,150;419,113;424,475;367,322;221,197;142,27;8,1;;-7.0,8.0;8.0,-6.0;-4.0,9.0;10.0,1.0;-6.0,-8.0;-9.0,-4.0;-9.0,-4.0;0.0,-10.0;9.0,5.0;-10.0,-1.0;2.0,10.0;-5.0,8.0;-10.0,-1.0;9.0,5.0;10.0,0.0;10.0,2.0;7.0,7.0;0.0,10.0;2.0,10.0;-4.0,9.0;-4.0,9.0;8.0,5.0;7.0,-8.0;-6.0,8.0;-5.0,9.0;-4.0,9.0;8.0,6.0;8.0,-6.0;1.0,10.0;10.0,1.0;-10.0,-2.0;-9.0,4.0;9.0,-4.0;0.0,-10.0;-10.0,2.0;9.0,-5.0;-9.0,5.0;0.0,10.0;0.0,10.0;-9.0,5.0;10.0,1.0;9.0,-5.0;-9.0,-5.0;-5.0,9.0;9.0,-5.0;7.0,8.0;-8.0,-7.0;3.0,-10.0;2.0,10.0;-1.0,-10.0;10.0,0.0
99,378;229,187;76,252;282,4;87,36;363,22;102,100;461,139;137,80;92,202;354,374;141,279;365,331;322,274;72,461;389,65;445,121;500,50;332,307;20,316;352,423;245,445;364,189;352,268;343,68;33,343;76,152;474,511;329,44;186,441;377,325;308,474;41,166;90,154;235,325;244,142;425,101;276,501;129,509;483,367;496,485;346,480;476,158;410,215;314,180;155,431;204,237;364,128;327,186;230,390;352,111;335,495;;1.0,-10.0;-10.0,-2.0;10.0,1.0;-10.0,0.0;6.0,-8.0;9.0,3.0;-8.0,6.0;1.0,-10.0;9.0,-5.0;-9.0,3.0;-4.0,-9.0;-7.0,7.0;-7.0,7.0;4.0,9.0;8.0,-6.0;-5.0,9.0;2.0,10.0;-9.0,4.0;-5.0,-9.0;5.0,9.0;9.0,5.0;8.0,5.0;-10.0,1.0;-7.0,-7.0;2.0,10.0;-10.0,-1.0;-4.0,9.0;-10.0,-1.0;8.0,-6.0;-9.0,-4.0;-9.0,4.0;-3.0,-9.0;8.0,-7.0;5.0,9.0;0.0,-10.0;-7.0,7.0;1.0,10.0;8.0,-6.0;6.0,-8.0;-1.0,10.0;10.0,0.0;-9.0,-4.0;-9.0,5.0;-3.0,9.0;-7.0,-7.0;1.0,-10.0;2.0,10.0;-1.0,10.0;-9.0,-4.0;0.0,10.0;-10.0,2.0;-10.0,-2.0
303,196;427,133;210,8;401,478;20,178;143,341;183,35;138,26;75,311;165,466;212,102;218,210;508,358;416,257;158,200;277,171;147,451;322,363;62,240;28,79;345,347;253,85;246,336;400,103;167,455;503,232;294,353;373,47;391,366;387,246;402,334;195,206;388,300;354,64;125,89;111,43;65,223;372,263;419,81;16,401;170,274;176,14;254,272;426,343;360,410;26,346;464,230;490,170;449,156;119,244;31,10;53,204;26,114;;8.0,6.0;-8.0,-6.0;9.0,4.0;8.0,-6.0;-7.0,-7.0;-7.0,7.0;3.0,-10.0;-7.0,-7.0;2.0,10.0;-10.0,-2.0;9.0,-4.0;0.0,10.0;6.0,-8.0;-9.0,-5.0;3.0,10.0;8.0,6.0;-7.0,-7.0;3.0,10.0;6.0,-8.0;-3.0,-9.0;9.0,-4.0;-10.0,1.0;-10.0,-2.0;1.0,-10.0;3.0,-10.0;6.0,8.0;2.0,10.0;-8.0,6.0;8.0,-6.0;2.0,10.0;4.0,9.0;0.0,10.0;5.0,-9.0;-8.0,-6.0;7.0,7.0;7.0,7.0;-10.0,0.0;3.0,9.0;-6.0,8.0;-5.0,-9.0;-4.0,-9.0;-4.0,9.0;-1.0,-10.0;-5.0,9.0;-8.0,-6.0;-2.0,10.0;-2.0,-10.0;7.0,7.0;3.0,-9.0;10.0,-1.0;7.0,7.0;4.0,-9.0;7.0,7.0
126,254;342,397;79,160;2,180;390,361;251,428;313,340;307,141;334,298;289,156;374,116;67,510;209,459;141,312;204,219;347,193;352,188;442,495;484,309;371,169;17,70;483,378;114,57;81,272;91,397;286,381;461,246;246,325;231,215;478,195;505,75;195,191;396,273;499,192;50,395;62,293;426,109;254,95;152,313;156,367;376,82;227,110;178,346;505,265;391,237;274,143;151,422;374,435;99,192;88,261;103,485;333,361;174,297;484,132;;-8.0,6.0;8.0,6.0;3.0,9.0;-3.0,-10.0;4.0,9.0;7.0,7.0;0.0,-10.0;-9.0,4.0;7.0,-7.0;10.0,2.0;-6.0,-8.0;-3.0,10.0;-3.0,10.0;10.0,-1.0;9.0,-3.0;0.0,10.0;-3.0,-10.0;4.0,9.0;-10.0,1.0;0.0,-10.0;-10.0,2.0;-10.0,1.0;-10.0,1.0;5.0,9.0;9.0,4.0;8.0,6.0;2.0,-10.0;5.0,-9.0;-2.0,10.0;10.0,2.0;-2.0,-10.0;10.0,-2.0;-5.0,-8.0;5.0,-8.0;-8.0,-7.0;2.0,10.0;10.0,-3.0;-10.0,-1.0;8.0,-6.0;-7.0,7.0;-5.0,9.0;9.0,-4.0;9.0,3.0;10.0,0.0;-3.0,10.0;-7.0,7.0;-6.0,8.0;10.0,-2.0;5.0,9.0;9.0,4.0;-7.0,-7.0;4.0,9.0;-4.0,-9.0;5.0,-8.0
71,228;51,406;84,239;68,196;259,221;43,442;218,117;168,425;378,14;249,320;101,67;182,475;90,204;342,338;509,35;219,123;449,266;227,207;400,425;172,150;356,189;31,420;63,202;287,216;324,162;71,148;173,218;115,462;86,57;34,292;179,61;405,349;390,17;22,328;79,170;265,167;410,2;386,160;199,161;302,434;182,186;372,464;97,311;3,177;134,462;357,507;279,42;509,84;455,446;347,146;280,277;496,177;351,193;450,242;3,236;;-2.0,10.0;8.0,5.0;-5.0,-9.0;-6.0,-8.0;-3.0,-10.0;7.0,8.0;10.0,0.0;-10.0,2.0;9.0,3.0;1.0,10.0;0.0,-10.0;5.0,8.0;-8.0,-5.0;-9.0,3.0;-9.0,-3.0;-8.0,-6.0;-10.0,-3.0;-10.0,1.0;-10.0,-2.0;5.0,-8.0;10.0,2.0;8.0,-6.0;5.0,9.0;-10.0,2.0;10.0,-3.0;10.0,3.0;5.0,-9.0;-2.0,10.0;6.0,-8.0;8.0,-6.0;-10.0,-2.0;-10.0,1.0;7.0,-7.0;9.0,5.0;-4.0,-9.0;10.0,2.0;-5.0,9.0;-9.0,3.0;-9.0,4.0;-5.0,8.0;-6.0,-8.0;-8.0,-6.0;10.0,2.0;-1.0,-10.0;10.0,1.0;10.0,-3.0;-10.0,-3.0;8.0,-7.0;-9.0,4.0;-10.0,-3.0;-10.0,-1.0;-9.0,-5.0;10.0,-2.0;-5.0,8.0;-3.0,-9.0
461,242;262,510;434,193;86,461;440,431;262,238;511,227;471,456;295,272;119,494;348,323;281,55;101,18;339,411;235,47;293,207;129,343;267,432;451,283;55,248;163,210;401,409;502,324;409,408;145,47;153,287;483,382;344,210;419,449;414,364;114,122;460,212;30,479;342,484;264,496;511,284;345,187;455,302;177,240;215,364;122,430;439,227;47,192;173,376;189,437;118,62;139,218;191,456;115,135;61,190;1,33;144,424;354,21;112,309;242,472;432,157;;7.0,-7.0;7.0,7.0;8.0,6.0;6.0,-8.0;9.0,4.0;2.0,-10.0;10.0,2.0;8.0,-7.0;9.0,-4.0;-9.0,-5.0;-5.0,8.0;1.0,10.0;-1.0,-10.0;4.0,9.0;-9.0,3.0;0.0,10.0;10.0,-1.0;10.0,1.0;-10.0,-1.0;9.0,4.0;-10.0,2.0;7.0,-7.0;0.0,-10.0;9.0,5.0;-7.0,-7.0;8.0,-7.0;-10.0,-2.0;-7.0,7.0;4.0,-9.0;0.0,-10.0;-10.0,0.0;-6.0,-8.0;-10.0,-3.0;-3.0,10.0;5.0,-9.0;10.0,-2.0;-9.0,-4.0;9.0,-4.0;-6.0,-8.0;9.0,-4.0;-10.0,0.0;-6.0,-8.0;-8.0,5.0;-7.0,7.0;-5.0,-9.0;10.0,0.0;8.0,-6.0;0.0,10.0;-10.0,-1.0;-10.0,1.0;9.0,-4.0;1.0,10.0;4.0,9.0;10.0,2.0;-4.0,-9.0;1.0,10.0
337,433;337,94;451,211;335,71;164,83;154,434;207,85;211,191;362,6;448,229;306,149;325,453;436,467;473,369;279,17;297,281;338,200;471,380;375,411;391,376;399,254;137,365;422,486;101,473;128,322;206,140;227,234;334,246;220,388;3,160;142,246;176,23;335,229;295,17;274,12;450,73;42,385;465,309;468,170;95,94;377,9;245,445;90,232;245,367;109,113;122,202;104,511;5,457;342,382;465,336;215,220;152,122;463,95;443,285;81,264;442,109;133,392;;1.0,10.0;-8.0,-6.0;-10.0,3.0;8.0,-6.0;-4.0,9.0;-1.0,-10.0;-3.0,10.0;8.0,-6.0;9.0,4.0;9.0,3.0;-9.0,3.0;-6.0,8.0;8.0,-7.0;7.0,-7.0;10.0,-2.0;0.0,-10.0;1.0,10.0;10.0,-2.0;8.0,5.0;10.0,0.0;-8.0,-6.0;-1.0,10.0;4.0,9.0;-7.0,-7.0;-2.0,-10.0;8.0,-6.0;6.0,8.0;-9.0,-4.0;-10.0,1.0;-10.0,1.0;-9.0,-5.0;-10.0,2.0;9.0,-5.0;-1.0,10.0;-7.0,-8.0;-5.0,9.0;6.0,8.0;7.0,-7.0;-2.0,-10.0;2.0,10.0;-8.0,-6.0;7.0,7.0;-4.0,-9.0;-2.0,10.0;-6.0,8.0;-3.0,-10.0;8.0,7.0;-9.0,-4.0;-10.0,1.0;-2.0,10.0;10.0,-3.0;8.0,6.0;-2.0,10.0;-7.0,-7.0;-3.0,10.0;-4.0,9.0;-4.0,-9.0
474,46;328,193;151,77;2,391;285,49;510,236;88,427;35,206;342,119;367,446;246,265;85,322;437,276;494,262;386,240;144,348;92,439;437,353;79,67;313,299;85,107;103,107;358,365;344,502;170,368;229,423;332,290;507,273;348,362;204,442;384,473;7,224;238,219;268,268;352,455;424,386;345,487;41,130;177,447;224,186;26,68;13,23;5,208;303,443;22,179;19,379;439,128;138,499;248,144;168,477;2,213;211,419;424,60;230,452;245,92;413,256;239,207;285,427;;-8.0,5.0;9.0,-4.0;-8.0,-6.0;8.0,6.0;9.0,-4.0;1.0,10.0;10.0,-1.0;10.0,3.0;4.0,9.0;-4.0,-9.0;10.0,-3.0;-8.0,-6.0;4.0,-9.0;-5.0,-9.0;1.0,-10.0;-10.0,1.0;6.0,8.0;-9.0,-4.0;-10.0,-1.0;4.0,-9.0;8.0,6.0;-10.0,-1.0;-7.0,-7.0;-2.0,10.0;10.0,0.0;-4.0,9.0;-8.0,7.0;-8.0,-5.0;10.0,1.0;-9.0,4.0;-6.0,8.0;-8.0,-6.0;8.0,-5.0;5.0,9.0;-8.0,-6.0;7.0,-7.0;-1.0,10.0;-3.0,-10.0;-5.0,8.0;3.0,-10.0;9.0,3.0;7.0,-7.0;-10.0,0.0;9.0,-3.0;3.0,10.0;6.0,8.0;8.0,6.0;5.0,-9.0;-10.0,-2.0;1.0,10.0;10.0,3.0;7.0,-7.0;2.0,-10.0;10.0,3.0;-9.0,-5.0;9.0,-3.0;10.0,1.0;8.0,5.0
352,42;359,249;207,397;392,472;401,61;118,143;109,384;287,267;418,110;371,174;323,6;305,133;419,195;86,292;245,283;442,278;497,208;27,311;79,505;483,407;78,68;215,40;487,130;165,247;419,272;216,444;423,450;163,406;348,82;2,93;502,161;38,112;374,413;137,340;450,151;215,408;69,203;3,297;466,187;235,394;193,420;57,440;73,112;343,189;382,275;327,508;468,428;232,120;358,220;272,42;373,158;12,266;479,94;450,463;350,197;463,116;286,175;475,273;457,287;;7.0,-7.0;4.0,-9.0;10.0,0.0;-2.0,10.0;-5.0,-9.0;1.0,-10.0;-9.0,-4.0;-9.0,-4.0;2.0,-10.0;-10.0,0.0;-4.0,9.0;-7.0,7.0;-6.0,8.0;10.0,2.0;-5.0,-9.0;6.0,-8.0;2.0,-10.0;10.0,-1.0;10.0,-1.0;-9.0,3.0;1.0,10.0;9.0,-4.0;1.0,10.0;7.0,7.0;7.0,7.0;9.0,-4.0;-8.0,6.0;-7.0,-7.0;1.0,-10.0;-10.0,-1.0;2.0,-10.0;2.0,10.0;9.0,-5.0;9.0,4.0;-9.0,-5.0;-9.0,-5.0;10.0,3.0;-3.0,10.0;-9.0,5.0;-8.0,-6.0;4.0,9.0;10.0,2.0;-8.0,-5.0;-3.0,10.0;10.0,-1.0;-10.0,-3.0;-10.0,0.0;-10.0,3.0;8.0,-6.0;-10.0,1.0;-3.0,9.0;8.0,6.0;-1.0,-10.0;-9.0,4.0;0.0,-10.0;-4.0,-9.0;-8.0,6.0;-1.0,10.0;9.0,3.0
49,112;473,244;343,182;2,315;462,190;460,61;155,324;495,505;228,196;343,228;426,78;138,288;188,252;124,474;508,386;174,264;426,11;372,303;339,63;271,444;217,169;266,190;449,184;459,159;432,174;308,10;39,347;70,150;83,216;259,271;486,30;420,398;481,159;114,333;409,70;70,87;317,480;280,480;344,79;99,383;275,443;415,452;334,358;183,407;314,430;354,317;138,47;172,418;307,359;178,351;52,215;440,61;63,67;304,426;124,387;251,394;41,412;218,251;426,399;163,25;;6.0,8.0;10.0,1.0;9.0,-5.0;-6.0,-8.0;-6.0,-8.0;-9.0,-5.0;-3.0,-10.0;5.0,-9.0;9.0,-5.0;2.0,-10.0;4.0,9.0;-10.0,1.0;1.0,10.0;-1.0,-10.0;8.0,6.0;1.0,10.0;-9.0,-5.0;9.0,3.0;9.0,-4.0;6.0,8.0;9.0,-4.0;-10.0,-1.0;5.0,-8.0;-1.0,-10.0;5.0,9.0;-8.0,5.0;1.0,-10.0;-8.0,6.0;-3.0,-10.0;2.0,-10.0;10.0,-2.0;-10.0,-3.0;10.0,-1.0;-9.0,-5.0;-5.0,9.0;7.0,-7.0;10.0,-1.0;-9.0,-4.0;-6.0,-8.0;-8.0,-6.0;-8.0,6.0;-2.0,-10.0;-1.0,10.0;10.0,3.0;-9.0,5.0;-1.0,10.0;6.0,8.0;3.0,9.0;6.0,-8.0;9.0,-4.0;8.0,-6.0;-10.0,1.0;-9.0,-3.0;6.0,-8.0;-3.0,-10.0;4.0,-9.0;-5.0,9.0;9.0,-5.0;-9.0,3.0;-4.0,9.0
65,478;307,106;139,260;18,431;452,263;282,201;135,362;438,47;257,14;17,133;67,236;219,507;488,129;366,284;405,224;126,189;465,361;261,474;99,340;4,467;261,316;172,461;38,463;288,85;335,146;39,122;335,193;41,397;78,84;505,128;418,438;336,36;182,248;454,114;10,12;233,119;282,486;221,509;65,331;258,226;74,402;494,95;326,327;166,279;68,155;313,47;88,52;233,133;369,380;498,77;409,494;6,356;418,345;155,47;70,15;461,55;69,145;65,443;396,465;404,339;457,323;;-10.0,1.0;-1.0,-10.0;-3.0,10.0;10.0,0.0;-8.0,5.0;1.0,10.0;6.0,8.0;7.0,-7.0;-6.0,-8.0;-7.0,-8.0;6.0,8.0;-9.0,4.0;2.0,-10.0;6.0,8.0;10.0,0.0;-5.0,-9.0;-10.0,-3.0;-3.0,-10.0;1.0,10.0;-1.0,10.0;-10.0,2.0;-6.0,8.0;9.0,-5.0;-7.0,7.0;0.0,10.0;3.0,-10.0;2.0,-10.0;3.0,-10.0;1.0,-10.0;-6.0,8.0;6.0,8.0;-3.0,10.0;9.0,-3.0;-7.0,7.0;9.0,4.0;10.0,1.0;-8.0,-5.0;3.0,-10.0;5.0,9.0;-5.0,-9.0;7.0,-7.0;-10.0,-2.0;6.0,-8.0;-2.0,-10.0;10.0,-1.0;-10.0,1.0;10.0,0.0;-3.0,10.0;-6.0,-8.0;-5.0,9.0;-5.0,9.0;4.0,-9.0;10.0,1.0;7.0,8.0;1.0,-10.0;3.0,-10.0;1.0,-10.0;-6.0,-8.0;7.0,-8.0;-10.0,1.0;8.0,-5.0
182,204;357,168;500,347;273,299;506,112;477,212;393,343;394,464;138,191;272,152;142,55;183,347;491,82;362,128;274,353;96,74;493,214;452,29;112,358;447,258;468,346;400,482;161,465;459,81;428,422;507,431;181,406;171,355;270,133;142,499;477,16;135,414;456,199;91,409;36,110;398,188;460,272;325,341;474,202;331,230;61,469;157,85;344,173;20,300;282,494;457,121;507,407;268,382;37,235;58,497;294,293;159,298;336,469;237,251;187,138;33,163;334,210;315,175;197,21;52,364;150,408;440,358;;-4.0,9.0;-7.0,-7.0;-2.0,-10.0;-10.0,3.0;-6.0,8.0;0.0,10.0;6.0,-8.0;-1.0,10.0;7.0,-7.0;10.0,-2.0;9.0,5.0;-7.0,-7.0;1.0,-10.0;4.0,9.0;10.0,-3.0;2.0,10.0;7.0,8.0;-7.0,7.0;-7.0,-7.0;-10.0,0.0;9.0,4.0;8.0,6.0;-9.0,-4.0;3.0,-10.0;-10.0,1.0;8.0,6.0;-9.0,4.0;-6.0,-8.0;-3.0,9.0;10.0,-2.0;6.0,-8.0;6.0,8.0;10.0,1.0;10.0,2.0;-2.0,-10.0;10.0,3.0;2.0,10.0;5.0,-9.0;-9.0,3.0;-9.0,4.0;-4.0,9.0;5.0,9.0;-5.0,-9.0;-4.0,9.0;7.0,-7.0;5.0,-9.0;-10.0,0.0;-8.0,6.0;1.0,-10.0;-9.0,3.0;10.0,0.0;-9.0,-4.0;0.0,-10.0;-10.0,0.0;-8.0,-6.0;-9.0,5.0;7.0,-8.0;5.0,9.0;-1.0,-10.0;6.0,8.0;-9.0,-5.0;-8.0,-5.0
159,163;139,418;248,304;349,236;405,379;218,170;117,482;37,34;264,478;101,22;52,193;327,70;206,304;33,259;109,40;449,115;24,508;502,33;345,31;21,255;389,213;206,209;315,83;219,87;59,245;453,30;317,105;160,49;185,231;310,168;133,154;322,7;156,180;6,213;208,263;299,460;421,365;201,364;113,43;86,263;218,120;320,391;163,316;1,479;251,322;73,90;123,359;47,472;341,33;88,130;470,331;166,452;355,395;169,363;374,97;303,358;309,424;487,410;224,343;337,136;352,146;141,453;285,458;;-3.0,-9.0;-10.0,-1.0;8.0,-6.0;2.0,-10.0;0.0,10.0;-10.0,2.0;-1.0,-10.0;-9.0,-3.0;-4.0,-9.0;-9.0,-5.0;0.0,10.0;10.0,0.0;-3.0,9.0;1.0,-10.0;-7.0,-7.0;-8.0,-5.0;-2.0,-10.0;10.0,1.0;8.0,-6.0;5.0,-9.0;-9.0,-5.0;8.0,6.0;-6.0,-8.0;-3.0,9.0;7.0,7.0;10.0,3.0;2.0,-10.0;-9.0,-4.0;8.0,-6.0;-9.0,3.0;5.0,9.0;-8.0,7.0;9.0,-4.0;-8.0,6.0;-9.0,-4.0;5.0,9.0;7.0,-7.0;6.0,-8.0;-4.0,9.0;8.0,6.0;-3.0,-10.0;-1.0,10.0;9.0,-4.0;-9.0,-5.0;8.0,6.0;-1.0,10.0;-3.0,10.0;-7.0,-7.0;-9.0,5.0;-1.0,10.0;-10.0,2.0;10.0,-1.0;9.0,-4.0;-1.0,-10.0;2.0,10.0;-7.0,-7.0;-8.0,-6.0;8.0,5.0;-7.0,-7.0;5.0,-9.0;9.0,4.0;9.0,-4.0;5.0,-8.0
27,37;71,428;184,347;72,199;205,209;216,149;477,418;407,307;354,477;408,348;467,102;347,436;238,348;476,174;452,21;399,313;129,246;24,116;508,21;98,76;183,439;118,459;38,331;212,419;446,404;238,335;322,325;455,388;20,327;453,279;2,17;471,189;122,113;21,13;325,206;49,511;311,219;213,372;313,80;403,463;510,238;96,171;156,232;475,456;182,92;477,440;427,511;182,452;358,417;330,456;273,39;471,220;451,222;225,419;325,437;254,411;502,366;309,352;37,35;210,354;267,225;285,441;162,129;419,345;;6.0,-8.0;9.0,-3.0;-4.0,9.0;-1.0,-10.0;-9.0,-5.0;-7.0,7.0;-6.0,-8.0;0.0,10.0;-5.0,8.0;10.0,2.0;-4.0,-9.0;-9.0,4.0;-3.0,-10.0;-3.0,-9.0;-7.0,7.0;3.0,10.0;5.0,9.0;8.0,6.0;-10.0,-2.0;8.0,6.0;-5.0,9.0;3.0,-10.0;-6.0,8.0;5.0,-9.0;-5.0,9.0;9.0,-4.0;1.0,-10.0;2.0,-10.0;1.0,-10.0;-1.0,-10.0;4.0,9.0;-3.0,-9.0;0.0,-10.0;3.0,-10.0;-10.0,2.0;6.0,8.0;-2.0,-10.0;-2.0,-10.0;10.0,-2.0;10.0,-3.0;-10.0,-1.0;-8.0,-6.0;9.0,3.0;2.0,-10.0;4.0,-9.0;5.0,-9.0;-10.0,0.0;-2.0,10.0;6.0,8.0;10.0,2.0;-4.0,-9.0;-9.0,5.0;-9.0,-4.0;9.0,-4.0;-5.0,8.0;10.0,-1.0;-7.0,7.0;10.0,-3.0;3.0,10.0;-10.0,1.0;9.0,-4.0;-3.0,9.0;-6.0,-8.0;-10.0,-2.0
164,331;393,500;310,203;95,125;199,403;83,492;176,123;312,249;160,481;39,459;475,55;285,254;276,434;178,225;351,118;93,69;81,293;33,244;443,143;490,290;86,396;6,219;135,142;186,441;505,406;141,218;457,159;132,447;313,402;366,164;401,145;69,179;269,416;372,261;141,125;319,502;350,422;480,374;209,164;199,207;464,255;35,101;231,489;150,62;441,65;68,66;196,20;308,327;342,361;11,314;432,185;296,151;492,113;395,69;111,2;35,164;208,313;476,165;219,265;504,494;211,25;261,193;321,385;48,225;145,61;;-10.0,1.0;-5.0,8.0;0.0,-10.0;-9.0,-4.0;8.0,-7.0;5.0,-9.0;-10.0,1.0;10.0,2.0;3.0,-10.0;1.0,-10.0;10.0,-1.0;8.0,5.0;1.0,10.0;6.0,-8.0;10.0,0.0;6.0,8.0;-5.0,9.0;-6.0,-8.0;1.0,-10.0;-9.0,4.0;6.0,8.0;10.0,3.0;9.0,-5.0;4.0,-9.0;10.0,2.0;10.0,-2.0;-1.0,-10.0;9.0,-4.0;-10.0,-1.0;3.0,-10.0;-1.0,-10.0;8.0,-6.0;-10.0,0.0;-5.0,9.0;-8.0,-5.0;-7.0,7.0;-10.0,2.0;3.0,-9.0;-10.0,2.0;-8.0,-6.0;10.0,-1.0;9.0,-4.0;7.0,7.0;6.0,8.0;3.0,-9.0;10.0,-1.0;4.0,-9.0;10.0,-2.0;10.0,3.0;0.0,10.0;7.0,-7.0;5.0,-9.0;6.0,-8.0;-2.0,-10.0;3.0,10.0;8.0,-5.0;-4.0,9.0;-9.0,-5.0;-4.0,9.0;1.0,10.0;-8.0,-6.0;-10.0,2.0;1.0,10.0;-2.0,10.0;-7.0,-7.0
121,468;489,86;274,246;216,40;390,269;4,105;96,52;432,253;130,382;57,341;190,508;216,357;81,421;40,332;46,29;59,364;314,32;13,306;391,369;143,493;228,111;5,453;471,83;62,316;377,5;261,21;333,458;487,491;308,361;57,262;317,137;462,378;411,293;269,236;263,459;317,218;267,54;20,222;439,298;431,70;218,379;170,122;493,423;454,230;322,429;324,163;298,329;205,76;268,440;388,195;498,439;502,75;300,182;227,416;130,437;456,431;317,308;256,73;180,281;182,7;486,62;457,155;55,97;399,50;221,102;224,351;;8.0,-6.0;3.0,10.0;-9.0,4.0;9.0,-4.0;7.0,7.0;2.0,-10.0;8.0,6.0;1.0,10.0;0.0,10.0;8.0,6.0;4.0,9.0;-8.0,6.0;2.0,-10.0;-9.0,5.0;-6.0,-8.0;10.0,-1.0;9.0,5.0;8.0,5.0;9.0,3.0;-5.0,-9.0;8.0,5.0;-10.0,0.0;7.0,-7.0;10.0,1.0;-9.0,5.0;-5.0,-8.0;6.0,8.0;5.0,-9.0;-9.0,4.0;8.0,6.0;-1.0,-10.0;-10.0,-2.0;5.0,-9.0;-4.0,-9.0;-6.0,8.0;-2.0,-10.0;9.0,-4.0;10.0,1.0;-2.0,10.0;5.0,9.0;8.0,5.0;-10.0,1.0;-1.0,10.0;-10.0,-2.0;7.0,-7.0;6.0,8.0;9.0,5.0;-10.0,0.0;3.0,9.0;-5.0,9.0;-9.0,5.0;5.0,9.0;-4.0,9.0;-1.0,-10.0;5.0,9.0;3.0,-9.0;-9.0,-3.0;-9.0,5.0;5.0,-9.0;8.0,-6.0;5.0,9.0;6.0,8.0;-10.0,-3.0;-10.0,0.0;-7.0,7.0;10.0,3.0
38,366;396,428;269,27;348,122;451,84;323,302;14,43;139,138;381,331;269,349;5,371;336,51;351,303;230,86;418,275;153,156;365,166;180,325;49,200;339,193;473,368;403,394;377,80;221,484;252,62;475,33;454,312;50,312;202,26;354,13;189,227;54,504;252,182;321,34;433,179;47,387;249,460;378,138;420,219;26,385;313,348;286,339;363,141;135,16;64,9;227,290;439,185;437,103;23,397;36,137;173,491;423,464;75,311;328,159;240,374;134,154;97,144;12,186;24,313;420,492;52,492;415,192;449,97;61,464;166,114;276,472;299,70;;8.0,-6.0;10.0,2.0;8.0,6.0;0.0,10.0;-9.0,4.0;6.0,8.0;2.0,-10.0;9.0,4.0;9.0,5.0;0.0,10.0;-2.0,10.0;9.0,-4.0;-3.0,-10.0;-7.0,7.0;3.0,-10.0;7.0,7.0;10.0,-3.0;7.0,-7.0;-7.0,-7.0;7.0,-7.0;-10.0,3.0;9.0,5.0;-10.0,2.0;10.0,-3.0;4.0,-9.0;-5.0,8.0;9.0,-4.0;3.0,10.0;-10.0,-1.0;-9.0,4.0;-9.0,-4.0;1.0,10.0;-4.0,-9.0;-5.0,-8.0;-6.0,8.0;-10.0,1.0;-3.0,-9.0;9.0,-3.0;10.0,1.0;-1.0,10.0;-6.0,-8.0;-8.0,-5.0;-1.0,10.0;-1.0,10.0;0.0,10.0;6.0,8.0;-4.0,-9.0;-2.0,10.0;9.0,-4.0;-4.0,9.0;1.0,-10.0;-7.0,7.0;-9.0,4.0;-1.0,10.0;9.0,3.0;-9.0,-5.0;10.0,2.0;-10.0,3.0;-2.0,10.0;3.0,-10.0;-10.0,0.0;-4.0,-9.0;0.0,-10.0;-8.0,-5.0;-1.0,-10.0;-9.0,4.0;3.0,10.0
323,422;448,437;57,509;42,30;290,102;63,424;457,331;427,463;447,174;60,272;340,50;213,399;252,117;135,52;368,76;100,353;285,296;430,489;475,349;403,164;246,463;254,329;206,323;292,113;482,288;455,422;129,473;487,471;489,381;323,294;439,263;190,291;168,25;211,158;70,4;476,435;473,112;13,260;182,500;119,452;193,243;407,186;410,412;378,121;257,164;130,502;33,470;473,40;91,110;403,303;432,150;169,358;392,330;390,304;488,325;153,373;27,61;344,299;387,451;144,330;181,313;143,175;155,358;254,351;28,11;431,448;190,393;183,490;;8.0,-6.0;4.0,9.0;-6.0,-8.0;4.0,9.0;-9.0,4.0;-7.0,-7.0;-6.0,-8.0;-2.0,10.0;0.0,-10.0;-9.0,5.0;-10.0,-2.0;3.0,-10.0;-8.0,6.0;-4.0,-9.0;-4.0,9.0;-5.0,8.0;10.0,0.0;-10.0,1.0;-2.0,10.0;9.0,4.0;-4.0,-9.0;9.0,5.0;0.0,-10.0;-3.0,-10.0;-8.0,6.0;-3.0,-9.0;7.0,7.0;-1.0,-10.0;-10.0,-3.0;-9.0,5.0;10.0,0.0;1.0,10.0;2.0,10.0;10.0,1.0;-10.0,2.0;10.0,3.0;0.0,10.0;-1.0,-10.0;-10.0,0.0;10.0,3.0;-2.0,-10.0;-4.0,9.0;-8.0,7.0;-10.0,2.0;7.0,7.0;-8.0,6.0;-3.0,-10.0;-8.0,6.0;6.0,8.0;-1.0,10.0;10.0,-2.0;-6.0,8.0;10.0,-1.0;-6.0,-8.0;-8.0,-6.0;6.0,8.0;7.0,7.0;-5.0,9.0;-9.0,3.0;-2.0,-10.0;5.0,9.0;5.0,-9.0;6.0,-8.0;2.0,-10.0;10.0,0.0;9.0,5.0;-9.0,-4.0;-8.0,6.0
388,462;425,45;246,74;42,53;7,462;431,167;335,484;206,130;455,366;90,414;192,162;365,32;32,502;481,409;430,455;463,255;404,323;208,317;195,164;147,149;202,483;292,427;379,376;496,400;162,167;69,227;503,378;386,149;229,346;404,165;125,484;492,241;133,145;206,373;405,479;171,342;129,437;48,253;332,364;262,296;296,32;281,183;359,27;315,490;481,203;355,170;239,372;175,414;157,450;44,217;286,403;243,242;396,239;284,365;414,423;348,315;305,408;264,331;448,399;477,426;274,55;341,31;328,383;54,491;81,169;127,401;305,204;174,247;255,208;;-4.0,9.0;-1.0,-10.0;9.0,-4.0;-5.0,-9.0;-8.0,6.0;-7.0,-7.0;-8.0,6.0;7.0,-7.0;-5.0,-8.0;3.0,-10.0;-5.0,9.0;0.0,10.0;2.0,10.0;-9.0,4.0;10.0,-1.0;-7.0,-7.0;8.0,6.0;10.0,-2.0;10.0,2.0;5.0,8.0;4.0,9.0;-10.0,-1.0;6.0,-8.0;3.0,10.0;-10.0,1.0;7.0,7.0;6.0,-8.0;-10.0,-2.0;9.0,5.0;3.0,-10.0;3.0,10.0;9.0,-3.0;-9.0,5.0;9.0,5.0;-4.0,-9.0;8.0,-5.0;7.0,-7.0;8.0,5.0;-3.0,-9.0;-1.0,10.0;-10.0,-3.0;1.0,-10.0;3.0,-9.0;7.0,8.0;8.0,7.0;-4.0,9.0;9.0,4.0;-7.0,7.0;-7.0,-7.0;-9.0,3.0;6.0,-8.0;6.0,8.0;-4.0,9.0;7.0,7.0;-10.0,2.0;0.0,-10.0;7.0,7.0;2.0,-10.0;9.0,-4.0;-10.0,-2.0;9.0,-4.0;9.0,5.0;-7.0,-7.0;-6.0,-8.0;2.0,10.0;10.0,0.0;10.0,0.0;-8.0,6.0;-10.0,0.0
51,414;494,429;354,364;255,352;379,258;322,422;397,120;11,492;52,159;156,155;276,322;32,479;305,361;456,322;64,122;273,59;21,200;475,195;42,443;477,152;66,355;5,463;341,159;414,203;454,407;311,415;407,434;398,135;136,173;392,326;38,290;152,47;172,302;33,47;263,498;118,231;300,330;434,269;47,318;359,140;294,209;418,24;135,9;177,93;55,352;296,475;474,81;142,73;270,92;147,139;121,463;440,312;111,213;76,187;153,14;237,138;168,23;88,117;222,466;432,175;496,248;120,120;277,52;181,319;284,273;99,204;176,381;96,87;126,135;435,191;;10.0,0.0;7.0,7.0;-7.0,7.0;-1.0,-10.0;-9.0,-4.0;2.0,-10.0;9.0,-3.0;6.0,8.0;6.0,-8.0;7.0,-7.0;-10.0,0.0;7.0,-7.0;-1.0,10.0;9.0,-4.0;7.0,7.0;-3.0,-10.0;10.0,3.0;1.0,10.0;-4.0,9.0;9.0,4.0;-1.0,10.0;-4.0,9.0;-7.0,-8.0;9.0,4.0;2.0,10.0;-10.0,-3.0;9.0,-4.0;-10.0,1.0;4.0,-9.0;5.0,-8.0;-9.0,-4.0;-6.0,8.0;7.0,7.0;6.0,8.0;10.0,1.0;-9.0,-4.0;2.0,10.0;-6.0,-8.0;-7.0,-7.0;9.0,3.0;-3.0,-10.0;9.0,5.0;-1.0,10.0;7.0,-8.0;0.0,-10.0;-10.0,3.0;5.0,9.0;9.0,-5.0;-6.0,8.0;5.0,-9.0;9.0,5.0;-8.0,6.0;-10.0,2.0;7.0,7.0;2.0,-10.0;2.0,10.0;-2.0,10.0;1.0,-10.0;9.0,-4.0;3.0,9.0;8.0,6.0;-9.0,-3.0;5.0,9.0;-10.0,-3.0;-4.0,9.0;-4.0,-9.0;2.0,10.0;8.0,-6.0;-5.0,-9.0;-6.0,-8.0
372,63;103,349;403,65;75,498;176,361;350,136;465,147;180,276;60,245;494,2;291,315;355,78;401,83;410,114;288,474;411,325;88,384;46,403;265,464;101,284;424,422;261,56;483,231;328,243;485,469;252,477;441,443;146,254;66,313;332,145;440,415;165,82;473,311;320,412;245,43;384,363;482,404;402,410;16,416;185,464;56,416;31,120;495,307;169,99;98,52;106,68;147,211;87,464;342,498;115,285;54,182;164,335;416,337;95,103;132,472;297,460;435,107;159,219;369,501;23,329;66,323;394,268;426,491;279,313;346,146;167,190;460,190;280,241;256,94;178,99;443,480;;7.0,8.0;0.0,10.0;7.0,-7.0;0.0,-10.0;-6.0,-8.0;0.0,10.0;2.0,10.0;-10.0,-1.0;5.0,9.0;-10.0,0.0;9.0,-5.0;10.0,2.0;10.0,-1.0;-10.0,2.0;-7.0,-7.0;1.0,10.0;-1.0,10.0;8.0,-6.0;-2.0,-10.0;-2.0,10.0;1.0,10.0;9.0,-4.0;7.0,-7.0;10.0,2.0;0.0,10.0;5.0,9.0;1.0,10.0;-3.0,-10.0;-2.0,-10.0;10.0,-2.0;-1.0,-10.0;7.0,-7.0;-8.0,6.0;-1.0,-10.0;6.0,-8.0;6.0,-8.0;4.0,-9.0;-4.0,9.0;-10.0,-1.0;-8.0,-6.0;7.0,7.0;5.0,8.0;10.0,-2.0;5.0,-9.0;-10.0,-2.0;10.0,2.0;3.0,9.0;4.0,9.0;-4.0,9.0;-9.0,-4.0;8.0,5.0;9.0,-3.0;-6.0,8.0;-4.0,9.0;-10.0,-3.0;8.0,6.0;0.0,-10.0;5.0,-8.0;10.0,-2.0;-9.0,4.0;0.0,-10.0;8.0,-5.0;9.0,-4.0;-2.0,-10.0;-9.0,5.0;4.0,9.0;10.0,-2.0;-2.0,-10.0;8.0,-6.0;-8.0,5.0;10.0,3.0
13,18;397,8;199,314;163,23;83,440;367,222;329,372;302,462;422,33;409,83;42,207;437,215;32,366;296,129;153,137;421,5;424,458;154,437;443,407;300,345;111,301;225,391;303,74;145,469;452,189;469,79;420,353;133,331;281,439;371,493;320,65;224,237;11,88;445,150;385,365;414,83;38,460;281,235;393,216;406,433;502,240;422,220;162,317;166,55;442,467;344,108;295,36;54,219;471,165;301,8;363,472;431,247;51,323;461,379;283,242;40,510;10,297;287,226;72,183;416,300;402,326;109,71;54,301;19,123;0,323;501,466;433,0;83,221;114,429;430,213;386,210;47,327;;-8.0,-6.0;-10.0,1.0;-2.0,10.0;9.0,-5.0;1.0,-10.0;5.0,8.0;10.0,-1.0;10.0,-1.0;10.0,-3.0;8.0,6.0;0.0,-10.0;9.0,-4.0;-2.0,-10.0;-5.0,9.0;4.0,-9.0;7.0,-7.0;-6.0,8.0;-8.0,7.0;6.0,-8.0;9.0,5.0;5.0,-9.0;-2.0,-10.0;-10.0,-1.0;10.0,-2.0;0.0,10.0;2.0,10.0;7.0,-7.0;5.0,-9.0;-10.0,-2.0;-5.0,8.0;9.0,-3.0;-5.0,-8.0;-2.0,-10.0;8.0,-6.0;3.0,-10.0;5.0,9.0;7.0,7.0;8.0,6.0;5.0,-8.0;-4.0,9.0;8.0,-5.0;-4.0,9.0;-8.0,6.0;-3.0,-10.0;8.0,6.0;-10.0,1.0;-3.0,-9.0;0.0,-10.0;-1.0,-10.0;-5.0,9.0;-8.0,-6.0;6.0,-8.0;5.0,9.0;10.0,1.0;-8.0,6.0;-4.0,-9.0;-8.0,-6.0;-9.0,5.0;-6.0,-8.0;9.0,-4.0;-10.0,1.0;7.0,-7.0;5.0,9.0;-4.0,-9.0;10.0,-1.0;-1.0,10.0;1.0,-10.0;-1.0,-10.0;-10.0,-2.0;-8.0,5.0;6.0,-8.0;2.0,-10.0
446,354;375,257;378,178;287,272;147,12;69,427;280,335;230,116;257,497;297,490;89,243;57,418;414,70;470,76;301,357;403,14;253,93;321,264;353,170;290,7;493,258;480,494;240,136;267,219;489,183;407,227;259,112;299,27;149,75;302,184;389,246;230,275;144,315;12,72;106,71;322,278;471,413;502,227;159,227;320,493;221,15;21,252;217,508;464,27;464,404;319,227;43,93;412,295;324,138;324,71;335,198;449,325;289,154;129,272;379,285;473,45;76,43;294,226;150,423;107,453;291,307;333,189;307,34;507,163;212,143;497,389;54,270;454,310;31,256;29,387;215,172;317,399;327,460;;3.0,-10.0;0.0,-10.0;-7.0,7.0;8.0,5.0;0.0,10.0;-6.0,-8.0;6.0,-8.0;-9.0,-3.0;-1.0,10.0;10.0,0.0;-1.0,-10.0;0.0,10.0;-3.0,-10.0;10.0,-1.0;-8.0,6.0;1.0,-10.0;-2.0,-10.0;0.0,10.0;-10.0,-1.0;5.0,8.0;-9.0,-3.0;9.0,-3.0;-8.0,7.0;-4.0,9.0;4.0,-9.0;7.0,-7.0;-10.0,2.0;-8.0,-6.0;10.0,3.0;7.0,7.0;-10.0,-3.0;5.0,8.0;9.0,-5.0;-1.0,-10.0;-1.0,-10.0;9.0,3.0;6.0,-8.0;4.0,-9.0;-5.0,-9.0;-6.0,-8.0;-9.0,4.0;-4.0,9.0;8.0,6.0;-9.0,-5.0;-6.0,8.0;10.0,2.0;-3.0,-10.0;9.0,-5.0;10.0,-3.0;1.0,10.0;-10.0,-2.0;-4.0,9.0;-10.0,1.0;3.0,10.0;-9.0,-4.0;1.0,-10.0;8.0,-6.0;9.0,-3.0;2.0,10.0;2.0,10.0;-7.0,7.0;7.0,7.0;-9.0,5.0;10.0,1.0;-2.0,10.0;4.0,9.0;-10.0,-1.0;9.0,5.0;-9.0,-3.0;-5.0,-8.0;10.0,-2.0;-7.0,-7.0;3.0,-10.0
495,344;46,462;178,506;105,485;235,501;9,361;300,305;125,350;48,188;131,178;361,196;143,247;383,377;395,440;167,191;62,452;161,357;502,397;132,424;366,315;393,228;288,150;5,490;231,11;41,498;66,70;454,124;298,231;32,347;208,132;256,367;417,485;286,270;476,155;162,161;435,434;95,180;323,195;219,210;429,443;83,330;348,238;496,76;452,184;428,389;79,333;485,317;419,313;331,80;445,418;173,317;98,150;442,449;241,300;196,246;422,283;33,392;454,146;14,249;387,376;106,402;501,329;423,349;288,337;184,154;402,268;72,285;340,182;153,380;118,440;495,269;280,22;397,403;286,465;;-2.0,-10.0;-7.0,-7.0;-7.0,8.0;-10.0,-1.0;7.0,-7.0;-5.0,9.0;7.0,-7.0;1.0,10.0;10.0,-3.0;7.0,7.0;5.0,-9.0;0.0,10.0;-10.0,-1.0;-4.0,-9.0;9.0,-5.0;-8.0,6.0;-10.0,2.0;10.0,-2.0;-7.0,-7.0;-10.0,3.0;-10.0,-1.0;7.0,7.0;6.0,8.0;-10.0,2.0;10.0,1.0;-1.0,10.0;-7.0,-7.0;6.0,-8.0;1.0,10.0;10.0,2.0;10.0,1.0;-5.0,-9.0;-5.0,-9.0;-10.0,-1.0;-10.0,1.0;-7.0,-7.0;-1.0,-10.0;9.0,-4.0;-10.0,-2.0;-10.0,1.0;-10.0,-1.0;-10.0,1.0;1.0,-10.0;-6.0,-8.0;-7.0,7.0;4.0,9.0;-8.0,-6.0;4.0,9.0;0.0,10.0;8.0,-6.0;-10.0,0.0;9.0,-4.0;8.0,6.0;4.0,-9.0;-4.0,-9.0;8.0,-6.0;-7.0,7.0;-7.0,7.0;4.0,9.0;7.0,-7.0;1.0,-10.0;-8.0,6.0;-1.0,-10.0;-6.0,-8.0;-6.0,-8.0;8.0,-6.0;-5.0,9.0;-9.0,-4.0;10.0,-1.0;7.0,-7.0;6.0,8.0;8.0,6.0;-6.0,-8.0;8.0,6.0
124,458;284,173;431,489;303,476;46,502;238,239;271,119;5,177;147,498;460,374;315,150;470,58;385,343;300,311;112,379;453,472;342,494;435,402;381,509;322,481;21,503;142,202;83,38;379,259;77,217;461,473;78,62;279,184;335,35;162,86;45,446;200,439;357,314;476,279;171,233;276,83;246,104;506,23;477,100;393,283;316,434;339,349;270,317;149,329;273,26;61,28;351,149;411,432;144,482;359,156;368,37;177,21;88,61;490,238;377,45;94,18;343,26;7,28;88,363;286,7;272,15;401,480;156,170;474,445;475,442;207,11;418,214;11,176;133,87;135,9;501,0;263,348;126,488;100,402;286,386;;4.0,-9.0;-9.0,-5.0;7.0,7.0;4.0,9.0;9.0,5.0;-4.0,-9.0;10.0,2.0;10.0,-1.0;2.0,10.0;5.0,9.0;-9.0,-4.0;-8.0,-6.0;8.0,6.0;9.0,4.0;-10.0,-1.0;-5.0,8.0;-4.0,9.0;2.0,10.0;-10.0,1.0;-3.0,-10.0;-10.0,-2.0;-10.0,-3.0;-8.0,6.0;-10.0,-1.0;2.0,10.0;10.0,-1.0;5.0,9.0;-7.0,7.0;3.0,10.0;-10.0,0.0;3.0,-9.0;-7.0,-8.0;8.0,-6.0;-10.0,2.0;-2.0,10.0;-5.0,9.0;2.0,-10.0;6.0,-8.0;10.0,0.0;-10.0,-1.0;6.0,8.0;-4.0,-9.0;-10.0,3.0;7.0,7.0;-3.0,-9.0;-9.0,-3.0;8.0,-6.0;8.0,5.0;-10.0,2.0;-4.0,-9.0;-10.0,0.0;6.0,-8.0;2.0,10.0;-1.0,-10.0;-4.0,9.0;5.0,-8.0;9.0,5.0;6.0,-8.0;6.0,-8.0;-9.0,4.0;-1.0,10.0;-6.0,8.0;2.0,10.0;-4.0,-9.0;-6.0,-8.0;9.0,4.0;5.0,8.0;-1.0,-10.0;-9.0,5.0;9.0,3.0;-9.0,-4.0;-6.0,8.0;2.0,10.0;-9.0,5.0;6.0,8.0
38,70;367,23;406,210;96,149;48,208;150,28;40,128;491,110;2,355;458,307;448,343;68,0;425,226;315,234;11,470;477,368;196,141;489,182;398,488;293,328;0,115;179,210;387,453;97,338;342,23;96,321;380,483;193,232;280,403;222,344;476,455;457,385;125,74;436,62;137,133;85,101;323,226;252,372;50,54;384,351;392,99;331,318;93,62;37,110;150,479;299,245;361,474;21,3;135,14;259,249;471,369;141,209;354,216;394,22;347,48;360,62;357,312;411,121;246,425;281,292;244,135;215,339;302,284;280,234;199,193;425,425;157,14;254,47;150,23;65,282;277,126;169,139;26,33;270,101;239,461;253,234;;-10.0,2.0;8.0,6.0;-8.0,-5.0;-4.0,9.0;3.0,-9.0;-9.0,4.0;-8.0,6.0;-1.0,-10.0;10.0,0.0;3.0,-10.0;8.0,5.0;-6.0,8.0;-7.0,7.0;1.0,-10.0;10.0,-3.0;4.0,-9.0;-1.0,10.0;2.0,-10.0;6.0,-8.0;-9.0,-5.0;5.0,9.0;-6.0,-8.0;9.0,3.0;-2.0,10.0;9.0,3.0;3.0,-9.0;-6.0,8.0;-6.0,8.0;3.0,10.0;3.0,-10.0;-10.0,-1.0;7.0,-7.0;10.0,3.0;0.0,-10.0;-9.0,-5.0;-10.0,1.0;7.0,7.0;-8.0,6.0;8.0,6.0;4.0,9.0;10.0,3.0;4.0,9.0;10.0,0.0;-8.0,5.0;5.0,9.0;-6.0,8.0;5.0,-9.0;9.0,4.0;-9.0,4.0;2.0,-10.0;8.0,7.0;9.0,-3.0;-3.0,10.0;-5.0,-8.0;5.0,-9.0;-6.0,-8.0;-1.0,10.0;10.0,-3.0;-5.0,-9.0;-9.0,-5.0;-2.0,10.0;2.0,10.0;-10.0,3.0;-9.0,4.0;2.0,-10.0;4.0,9.0;6.0,8.0;-10.0,-2.0;9.0,4.0;-2.0,-10.0;-3.0,-10.0;6.0,8.0;-7.0,7.0;-9.0,4.0;10.0,0.0;8.0,6.0
436,125;506,24;475,154;361,382;244,269;412,427;122,213;358,281;474,289;134,336;222,412;389,495;92,338;349,348;188,422;269,419;181,188;417,334;161,384;7,120;31,158;509,498;467,333;422,150;380,111;319,319;420,120;463,224;334,184;489,209;429,408;109,322;438,333;320,330;436,193;214,39;397,388;320,100;249,378;89,204;323,500;303,268;264,497;480,450;159,288;388,17;478,492;461,224;7,78;238,239;327,248;289,437;463,25;148,280;290,3;157,263;74,49;463,450;103,460;368,318;412,472;438,277;41,419;61,461;322,482;204,282;156,48;9,31;373,464;95,313;268,137;412,204;325,426;26,150;249,123;207,15;194,156;;9.0,4.0;-9.0,5.0;10.0,2.0;4.0,9.0;10.0,-1.0;-5.0,9.0;1.0,10.0;-2.0,10.0;-9.0,-5.0;8.0,6.0;2.0,10.0;9.0,-4.0;-1.0,10.0;8.0,-6.0;5.0,-9.0;9.0,5.0;1.0,10.0;-9.0,-3.0;-10.0,-2.0;4.0,-9.0;8.0,-6.0;-10.0,0.0;5.0,-9.0;-7.0,-8.0;3.0,10.0;-10.0,-2.0;-4.0,-9.0;-10.0,-1.0;-10.0,-2.0;5.0,9.0;-2.0,-10.0;4.0,-9.0;-7.0,7.0;5.0,-8.0;-9.0,4.0;9.0,-3.0;9.0,4.0;0.0,10.0;-10.0,-2.0;10.0,1.0;-8.0,-6.0;-5.0,-9.0;-4.0,-9.0;6.0,8.0;9.0,4.0;4.0,-9.0;10.0,2.0;-2.0,10.0;9.0,-5.0;8.0,6.0;-6.0,8.0;10.0,1.0;6.0,-8.0;-7.0,-7.0;6.0,8.0;4.0,9.0;-8.0,-6.0;-10.0,1.0;10.0,-3.0;10.0,-2.0;9.0,4.0;9.0,-3.0;-6.0,-8.0;-9.0,4.0;-9.0,-5.0;-5.0,-9.0;-10.0,0.0;-7.0,7.0;-6.0,-8.0;0.0,10.0;-3.0,10.0;-8.0,6.0;5.0,9.0;1.0,-10.0;2.0,-10.0;0.0,10.0;8.0,-6.0
454,344;343,453;29,417;427,117;281,137;11,288;427,359;390,208;329,498;42,78;365,32;206,486;181,451;509,23;84,511;431,480;333,286;293,92;327,378;369,338;101,292;46,371;422,156;119,261;343,172;505,471;84,68;500,356;33,37;151,353;14,452;464,342;175,210;323,189;83,425;234,327;480,394;429,245;192,486;202,237;13,431;53,37;393,492;219,170;167,320;366,166;189,10;302,459;258,108;249,9;332,322;466,14;243,143;72,4;507,479;61,182;359,370;449,399;96,370;159,145;428,37;443,129;15,99;468,52;482,416;207,483;112,301;65,450;85,291;150,343;503,47;231,157;179,434;327,254;29,507;195,363;242,394;235,116;;-10.0,0.0;-8.0,6.0;8.0,6.0;5.0,-9.0;-5.0,9.0;9.0,3.0;5.0,9.0;10.0,-2.0;-6.0,-8.0;-1.0,-10.0;7.0,7.0;-9.0,3.0;8.0,-6.0;0.0,10.0;10.0,3.0;1.0,10.0;1.0,-10.0;8.0,-5.0;-5.0,8.0;-9.0,4.0;-3.0,-9.0;9.0,-5.0;9.0,4.0;3.0,-9.0;9.0,-4.0;-6.0,8.0;-1.0,-10.0;0.0,10.0;-9.0,-5.0;0.0,10.0;-10.0,-2.0;10.0,2.0;-3.0,9.0;1.0,-10.0;4.0,-9.0;-9.0,-5.0;-6.0,-8.0;-10.0,-3.0;-2.0,10.0;-5.0,9.0;10.0,-3.0;7.0,-7.0;9.0,5.0;-5.0,8.0;2.0,10.0;3.0,-10.0;-9.0,4.0;10.0,3.0;-5.0,-9.0;-8.0,-6.0;-6.0,8.0;10.0,3.0;-10.0,-2.0;-1.0,-10.0;-10.0,-2.0;2.0,10.0;-10.0,-2.0;1.0,10.0;-3.0,10.0;7.0,-7.0;9.0,-5.0;2.0,10.0;-10.0,3.0;-9.0,-3.0;10.0,2.0;-10.0,1.0;-9.0,-4.0;10.0,-3.0;8.0,6.0;6.0,-8.0;10.0,0.0;10.0,-3.0;-9.0,-4.0;-4.0,-9.0;5.0,-9.0;5.0,-9.0;10.0,-2.0;-10.0,0.0
6,245;494,262;23,314;149,101;158,466;287,269;330,415;438,34;323,48;159,216;508,487;293,289;377,482;70,318;249,452;153,248;135,316;225,94;382,1;364,250;219,189;15,32;7,478;168,253;424,316;455,369;222,221;384,225;135,432;131,108;289,7;503,8;69,98;50,299;252,107;507,471;93,260;307,157;475,468;263,232;72,288;475,325;237,263;103,349;211,240;16,491;416,335;323,337;191,131;468,108;379,20;404,493;19,267;461,146;461,391;385,3;160,71;385,338;134,329;152,228;192,203;243,189;148,376;182,446;183,247;129,81;338,385;155,198;323,4;388,402;86,326;510,347;410,20;102,149;41,238;368,395;237,140;297,101;108,326;;10.0,2.0;8.0,-6.0;3.0,10.0;-10.0,3.0;10.0,0.0;-1.0,10.0;-2.0,-10.0;7.0,7.0;-5.0,9.0;-5.0,9.0;-1.0,-10.0;-3.0,-10.0;9.0,-5.0;3.0,9.0;-5.0,9.0;10.0,2.0;-8.0,-5.0;1.0,10.0;-10.0,-2.0;6.0,8.0;10.0,-1.0;5.0,-9.0;-4.0,-9.0;-6.0,-8.0;10.0,-2.0;6.0,-8.0;5.0,9.0;-3.0,-10.0;3.0,-10.0;-6.0,8.0;-8.0,5.0;8.0,6.0;10.0,1.0;-8.0,-6.0;-6.0,-8.0;-8.0,6.0;-10.0,-2.0;-3.0,10.0;10.0,-1.0;-7.0,-7.0;-9.0,5.0;-3.0,-9.0;10.0,-2.0;8.0,-6.0;4.0,9.0;-8.0,7.0;-10.0,0.0;7.0,7.0;1.0,-10.0;2.0,-10.0;2.0,-10.0;-3.0,9.0;9.0,-4.0;4.0,-9.0;-2.0,10.0;-3.0,-9.0;10.0,-1.0;8.0,6.0;-10.0,2.0;-4.0,-9.0;-9.0,4.0;-10.0,1.0;3.0,9.0;-9.0,-4.0;6.0,-8.0;10.0,1.0;6.0,8.0;9.0,-5.0;10.0,0.0;-8.0,-6.0;2.0,-10.0;-7.0,-7.0;3.0,10.0;2.0,-10.0;5.0,-8.0;0.0,10.0;-2.0,-10.0;-10.0,3.0;1.0,10.0
4,260;352,281;193,34;89,110;74,402;301,430;214,205;475,465;208,245;179,364;427,311;222,143;445,256;210,135;198,234;365,309;79,60;454,77;331,308;509,292;5,12;458,13;153,308;396,86;5,238;261,218;145,402;242,142;288,177;192,222;104,285;356,474;123,250;116,295;78,142;441,6;448,199;458,456;293,239;90,255;393,248;70,211;13,242;195,391;218,333;33,149;483,316;372,216;269,441;18,191;236,232;369,288;491,381;354,70;2,456;224,38;36,301;16,393;412,350;392,187;106,377;332,170;97,206;50,218;37,481;201,326;233,391;412,289;22,326;128,182;333,178;64,10;304,32;55,135;266,444;438,440;131,455;39,306;251,191;52,450;;9.0,5.0;7.0,7.0;10.0,1.0;3.0,10.0;-5.0,9.0;6.0,8.0;5.0,9.0;-2.0,10.0;9.0,4.0;3.0,10.0;9.0,-5.0;8.0,6.0;9.0,-4.0;6.0,-8.0;-8.0,6.0;-10.0,-1.0;9.0,-5.0;-7.0,7.0;8.0,6.0;3.0,10.0;4.0,-9.0;5.0,9.0;7.0,7.0;10.0,1.0;-4.0,-9.0;6.0,8.0;-8.0,-6.0;-7.0,-8.0;-3.0,-10.0;1.0,10.0;5.0,-9.0;4.0,-9.0;10.0,3.0;-5.0,-8.0;-9.0,4.0;-7.0,7.0;-3.0,-10.0;7.0,7.0;9.0,5.0;10.0,1.0;10.0,2.0;-2.0,-10.0;9.0,-4.0;5.0,9.0;10.0,-2.0;7.0,-7.0;-10.0,1.0;0.0,-10.0;1.0,-10.0;-1.0,10.0;8.0,6.0;-9.0,4.0;-5.0,9.0;-10.0,0.0;-2.0,-10.0;-10.0,0.0;-5.0,-9.0;5.0,-8.0;-9.0,5.0;7.0,-7.0;-10.0,-2.0;1.0,-10.0;-5.0,9.0;7.0,-7.0;1.0,10.0;-3.0,-9.0;-6.0,8.0;6.0,8.0;0.0,10.0;-10.0,-3.0;10.0,-1.0;10.0,0.0;-1.0,10.0;9.0,-4.0;9.0,-3.0;0.0,10.0;7.0,7.0;-9.0,4.0;-5.0,8.0;-8.0,-6.0
238,210;478,118;25,320;458,147;38,158;373,91;267,341;361,454;169,471;156,28;122,407;302,454;28,272;347,363;160,43;360,365;193,444;232,83;389,424;160,344;499,67;361,419;494,463;509,48;485,386;480,456;317,375;101,401;29,278;427,293;251,410;162,200;52,189;122,439;495,86;221,499;282,115;399,159;292,291;413,116;385,76;145,0;159,404;103,39;295,53;508,100;292,341;402,58;239,487;130,131;494,442;98,288;221,199;427,90;280,474;109,450;370,5;62,63;393,476;427,453;54,485;75,483;288,408;58,168;422,258;444,403;276,328;469,134;431,256;131,397;19,304;181,486;0,54;475,455;471,297;238,287;107,375;87,220;354,88;401,208;0,510;;9.0,4.0;-10.0,2.0;-5.0,-9.0;-10.0,2.0;8.0,6.0;8.0,6.0;5.0,-8.0;-9.0,-4.0;-3.0,10.0;-2.0,-10.0;-10.0,1.0;10.0,-3.0;4.0,-9.0;-8.0,7.0;5.0,-9.0;5.0,-8.0;-10.0,-1.0;-10.0,1.0;2.0,10.0;8.0,6.0;9.0,-5.0;10.0,2.0;0.0,-10.0;-4.0,9.0;10.0,-1.0;-9.0,-5.0;7.0,-7.0;10.0,2.0;-6.0,-8.0;-2.0,-10.0;-10.0,3.0;-4.0,9.0;-6.0,-8.0;2.0,10.0;0.0,-10.0;4.0,-9.0;-5.0,9.0;-3.0,-10.0;6.0,8.0;-8.0,6.0;-5.0,-9.0;8.0,5.0;-2.0,10.0;4.0,-9.0;-8.0,6.0;-10.0,2.0;8.0,-6.0;-2.0,-10.0;-10.0,-1.0;-9.0,-3.0;10.0,0.0;-1.0,-10.0;10.0,-1.0;9.0,3.0;7.0,7.0;-8.0,5.0;7.0,7.0;-8.0,-6.0;8.0,6.0;-9.0,5.0;9.0,-5.0;-1.0,10.0;3.0,10.0;-3.0,-9.0;-3.0,-9.0;6.0,-8.0;3.0,10.0;9.0,-4.0;1.0,10.0;-8.0,5.0;7.0,7.0;-6.0,-8.0;5.0,9.0;8.0,-6.0;8.0,6.0;7.0,-8.0;10.0,-3.0;-9.0,-3.0;4.0,9.0;6.0,8.0;2.0,10.0
63,21;41,248;460,371;293,209;153,233;188,87;79,237;41,242;384,105;224,264;73,78;79,200;225,108;51,28;257,357;63,371;504,456;123,308;340,56;126,283;275,186;62,344;381,335;122,273;402,420;180,446;510,34;150,359;248,356;397,463;443,363;70,388;356,335;66,347;397,177;351,461;271,196;40,314;391,35;285,497;109,220;463,397;504,144;295,298;499,45;111,217;492,335;124,11;190,194;392,328;322,264;227,211;189,428;340,455;295,94;312,477;253,127;39,301;35,511;106,246;174,169;403,233;19,310;348,323;166,467;290,366;34,473;30,463;438,487;31,281;306,77;110,234;389,130;395,418;9,304;177,385;269,4;507,190;448,58;38,193;23,444;136,399;;-10.0,-3.0;0.0,-10.0;10.0,0.0;6.0,8.0;7.0,-7.0;6.0,8.0;0.0,-10.0;-1.0,10.0;-9.0,-4.0;-9.0,-4.0;1.0,-10.0;6.0,-8.0;9.0,4.0;-1.0,10.0;8.0,-6.0;-3.0,-10.0;-5.0,-9.0;10.0,1.0;-8.0,-6.0;9.0,4.0;7.0,-7.0;-10.0,-3.0;10.0,1.0;10.0,-2.0;1.0,10.0;-7.0,-7.0;-7.0,8.0;4.0,-9.0;1.0,10.0;-10.0,-2.0;6.0,-8.0;10.0,2.0;0.0,-10.0;6.0,8.0;-10.0,-1.0;2.0,10.0;-3.0,10.0;4.0,-9.0;8.0,-6.0;-7.0,7.0;3.0,-10.0;10.0,3.0;-6.0,8.0;6.0,8.0;6.0,-8.0;-9.0,4.0;-9.0,5.0;8.0,6.0;10.0,3.0;-4.0,-9.0;10.0,0.0;-4.0,9.0;9.0,-5.0;0.0,-10.0;0.0,-10.0;8.0,5.0;7.0,-7.0;10.0,0.0;2.0,10.0;5.0,9.0;7.0,7.0;-8.0,7.0;9.0,4.0;-10.0,2.0;-1.0,-10.0;10.0,0.0;-9.0,-4.0;1.0,10.0;10.0,-2.0;-3.0,-9.0;2.0,10.0;-9.0,-3.0;9.0,5.0;9.0,-4.0;-7.0,-7.0;-9.0,-3.0;9.0,-3.0;-2.0,10.0;0.0,10.0;-10.0,-1.0;-6.0,-8.0;5.0,-8.0
430,28;61,64;48,338;209,22;167,405;375,85;245,241;75,322;369,485;92,7;435,492;81,3;111,427;159,218;317,336;211,469;282,219;402,393;207,100;279,359;81,10;167,22;510,115;418,61;378,6;395,181;494,32;235,203;93,370;210,222;509,361;407,128;227,447;94,297;153,371;240,334;258,346;437,376;42,177;452,355;373,411;99,42;315,9;305,440;478,17;234,507;356,486;230,7;318,128;216,175;364,74;259,405;347,336;237,404;67,239;143,167;467,295;328,429;158,37;194,424;111,408;224,467;42,223;299,345;123,377;353,217;490,36;135,33;5,463;410,468;48,278;98,450;68,461;198,479;451,351;28,163;155,173;471,209;191,155;238,337;479,177;210,418;438,425;;-10.0,-3.0;-4.0,9.0;3.0,10.0;9.0,5.0;7.0,-7.0;4.0,9.0;-2.0,10.0;-9.0,5.0;9.0,-4.0;-9.0,-4.0;-2.0,10.0;1.0,10.0;-1.0,-10.0;10.0,2.0;0.0,10.0;3.0,10.0;10.0,3.0;5.0,-9.0;-10.0,-2.0;9.0,4.0;7.0,7.0;-9.0,5.0;-6.0,8.0;-3.0,-10.0;-8.0,-6.0;-6.0,-8.0;-7.0,-7.0;2.0,-10.0;3.0,9.0;-2.0,10.0;-10.0,3.0;-9.0,3.0;8.0,6.0;10.0,0.0;-7.0,-7.0;-1.0,-10.0;6.0,-8.0;-10.0,2.0;6.0,8.0;7.0,-7.0;6.0,-8.0;-10.0,-2.0;-5.0,-9.0;-4.0,9.0;-10.0,-1.0;10.0,3.0;1.0,10.0;-9.0,-4.0;-10.0,3.0;0.0,-10.0;3.0,-9.0;-2.0,10.0;-9.0,3.0;8.0,5.0;8.0,6.0;-9.0,5.0;-5.0,9.0;1.0,10.0;-4.0,-9.0;9.0,4.0;10.0,-2.0;-6.0,-8.0;-9.0,3.0;5.0,-9.0;7.0,7.0;-2.0,10.0;3.0,9.0;-2.0,10.0;-4.0,-9.0;-9.0,4.0;-7.0,7.0;10.0,-2.0;5.0,9.0;-10.0,-3.0;-7.0,-7.0;10.0,2.0;-10.0,0.0;3.0,10.0;4.0,9.0;9.0,-3.0;-10.0,1.0;9.0,-5.0;10.0,-2.0
274,151;195,203;215,449;135,33;108,72;223,375;35,223;306,110;191,415;288,59;303,422;81,92;503,399;506,354;484,184;228,299;63,326;296,306;473,452;351,149;499,210;116,0;324,269;417,147;184,337;278,466;466,102;389,502;157,206;159,176;292,95;363,129;182,87;506,472;121,279;17,161;284,214;2,361;129,291;354,455;77,50;421,279;129,432;202,312;1,304;313,474;172,462;440,232;171,90;102,238;488,438;245,130;164,379;288,404;199,236;71,217;433,299;216,252;343,62;410,397;194,245;309,186;156,412;34,182;404,335;426,25;26,41;305,7;360,380;129,290;464,59;462,438;440,240;329,355;510,147;476,142;284,51;412,164;227,463;72,235;175,253;211,456;304,498;30,430;;3.0,-10.0;-7.0,-7.0;-8.0,6.0;3.0,-10.0;10.0,-3.0;-7.0,-7.0;4.0,9.0;-10.0,0.0;10.0,0.0;-8.0,-5.0;4.0,9.0;5.0,-9.0;-9.0,-4.0;-5.0,-8.0;-2.0,-10.0;6.0,8.0;-4.0,-9.0;1.0,10.0;-9.0,-5.0;9.0,5.0;-3.0,10.0;6.0,8.0;-8.0,-6.0;0.0,-10.0;-8.0,6.0;-3.0,-9.0;1.0,10.0;7.0,-7.0;10.0,2.0;10.0,-2.0;4.0,-9.0;-10.0,-3.0;-10.0,2.0;-10.0,2.0;10.0,3.0;-4.0,9.0;-4.0,9.0;-6.0,-8.0;4.0,-9.0;-5.0,-8.0;2.0,10.0;-10.0,1.0;-10.0,-3.0;-4.0,-9.0;-9.0,-3.0;-9.0,-4.0;-9.0,4.0;-8.0,6.0;10.0,0.0;-6.0,-8.0;8.0,-6.0;-9.0,4.0;10.0,2.0;-7.0,7.0;-9.0,-4.0;0.0,10.0;-7.0,7.0;-8.0,6.0;10.0,-2.0;9.0,-4.0;-6.0,-8.0;-7.0,-7.0;-5.0,8.0;-6.0,8.0;0.0,10.0;6.0,8.0;-10.0,2.0;5.0,9.0;2.0,10.0;-8.0,-6.0;1.0,-10.0;-4.0,-9.0;4.0,9.0;-9.0,-4.0;-8.0,-7.0;10.0,2.0;-9.0,4.0;-5.0,9.0;-7.0,7.0;-9.0,5.0;1.0,-10.0;-9.0,5.0;-1.0,-10.0;-10.0,-2.0
355,40;328,356;90,280;184,194;110,192;499,364;436,309;100,472;110,159;428,304;311,71;255,260;411,328;450,12;170,145;86,457;70,300;350,0;473,415;449,362;348,381;57,7;20,229;194,81;309,450;144,321;80,373;487,273;282,76;18,389;58,412;511,141;266,184;418,338;248,120;401,263;64,396;313,34;153,369;77,64;268,439;114,82;248,476;48,377;112,260;192,506;272,327;115,79;11,502;0,450;366,317;92,40;393,34;433,256;497,27;375,455;167,488;335,139;424,417;84,319;511,79;451,63;380,236;243,352;450,479;62,465;436,59;380,3;205,203;489,98;385,257;98,155;208,53;165,510;77,144;448,486;505,266;96,472;283,455;211,79;399,323;118,139;250,146;412,34;433,119;;5.0,-9.0;4.0,-9.0;7.0,8.0;-3.0,9.0;10.0,1.0;-8.0,-6.0;10.0,-1.0;-3.0,10.0;-4.0,-9.0;5.0,-9.0;6.0,8.0;9.0,-5.0;9.0,4.0;-8.0,6.0;-9.0,-4.0;-8.0,6.0;-10.0,-2.0;0.0,10.0;8.0,-6.0;-3.0,10.0;-6.0,8.0;-9.0,-5.0;9.0,-3.0;10.0,-3.0;-9.0,-4.0;-10.0,-1.0;-4.0,-9.0;6.0,8.0;9.0,5.0;0.0,10.0;-8.0,-5.0;10.0,1.0;-2.0,-10.0;9.0,-4.0;10.0,1.0;-4.0,-9.0;-2.0,-10.0;-10.0,-1.0;-8.0,6.0;-3.0,9.0;7.0,-7.0;9.0,4.0;-1.0,10.0;-10.0,-3.0;-8.0,-6.0;3.0,10.0;-1.0,-10.0;1.0,-10.0;10.0,-2.0;3.0,9.0;-5.0,9.0;9.0,-4.0;4.0,9.0;10.0,-2.0;-4.0,-9.0;-1.0,-10.0;-6.0,-8.0;-3.0,9.0;-5.0,9.0;9.0,-3.0;-10.0,-1.0;-1.0,-10.0;9.0,-4.0;-8.0,6.0;4.0,9.0;-9.0,-5.0;-10.0,1.0;-9.0,5.0;-9.0,5.0;6.0,-8.0;1.0,10.0;-1.0,10.0;-10.0,-1.0;4.0,9.0;-8.0,-6.0;-10.0,1.0;-10.0,-2.0;-2.0,-10.0;-10.0,-2.0;9.0,-4.0;-10.0,0.0;9.0,-3.0;3.0,9.0;3.0,-9.0;-6.0,-8.0
28,23;364,236;282,479;281,501;383,388;115,391;381,414;228,246;251,208;469,306;306,324;65,185;449,364;69,279;408,454;299,392;463,255;255,269;510,86;102,113;290,350;138,16;305,464;41,419;502,89;132,188;435,418;355,151;118,341;456,297;364,313;268,322;31,434;443,373;183,128;167,130;393,132;503,499;23,23;139,178;155,58;78,215;34,112;81,27;370,86;137,365;322,327;208,332;176,449;487,243;121,148;400,213;383,185;170,134;261,328;219,308;144,206;212,349;361,418;464,346;446,456;0,186;211,193;334,128;360,280;66,106;307,163;240,274;267,337;259,423;403,337;196,80;450,19;396,379;292,319;229,498;10,424;117,104;266,147;383,101;289,457;209,331;121,64;163,230;361,484;21,338;;-2.0,-10.0;10.0,1.0;-6.0,8.0;-7.0,8.0;2.0,10.0;5.0,-9.0;10.0,1.0;-2.0,-10.0;-9.0,4.0;10.0,0.0;-9.0,-3.0;-9.0,4.0;-7.0,8.0;9.0,4.0;-5.0,-9.0;-6.0,8.0;10.0,-2.0;6.0,-8.0;-7.0,7.0;-8.0,6.0;6.0,8.0;8.0,7.0;-6.0,8.0;-9.0,3.0;-9.0,-4.0;-6.0,8.0;6.0,8.0;-10.0,3.0;-9.0,5.0;-4.0,9.0;-9.0,5.0;10.0,2.0;2.0,10.0;2.0,-10.0;10.0,-2.0;10.0,0.0;10.0,3.0;7.0,8.0;-8.0,-6.0;-6.0,8.0;-10.0,0.0;10.0,0.0;1.0,10.0;-10.0,1.0;-7.0,-7.0;-4.0,-9.0;-2.0,-10.0;-10.0,-1.0;-3.0,9.0;-8.0,5.0;-4.0,-9.0;10.0,3.0;-10.0,2.0;-1.0,10.0;1.0,-10.0;-4.0,9.0;-9.0,-4.0;8.0,6.0;7.0,7.0;-3.0,-9.0;6.0,8.0;2.0,10.0;6.0,-8.0;-4.0,-9.0;7.0,-8.0;8.0,6.0;-9.0,-3.0;-4.0,-9.0;7.0,-7.0;-3.0,10.0;-1.0,10.0;-5.0,-9.0;8.0,-6.0;-9.0,5.0;-5.0,-8.0;-9.0,5.0;2.0,-10.0;10.0,-2.0;-6.0,8.0;0.0,10.0;7.0,-7.0;2.0,-10.0;-5.0,9.0;9.0,5.0;6.0,8.0;10.0,1.0
163,468;373,492;87,454;86,507;206,213;413,71;239,202;506,452;75,152;120,176;280,260;352,45;273,476;441,60;337,231;427,186;496,86;267,435;454,0;110,42;476,472;442,415;12,367;94,19;211,245;388,180;241,326;16,35;500,329;279,340;221,219;480,9;111,391;494,377;486,228;361,313;57,35;1,385;319,337;208,25;326,227;157,91;488,314;493,283;440,274;509,309;105,128;499,407;327,72;271,165;390,34;167,303;269,306;211,420;213,310;93,392;275,82;364,483;301,234;244,338;64,183;424,349;97,158;252,125;435,153;370,304;148,193;368,108;462,157;234,190;374,416;190,337;223,375;138,106;430,106;415,132;214,389;481,143;305,419;122,22;221,299;344,334;82,152;439,326;290,20;116,74;137,78;;9.0,-4.0;4.0,-9.0;-5.0,9.0;-8.0,-6.0;-9.0,-4.0;-10.0,-2.0;-6.0,8.0;5.0,9.0;9.0,4.0;-3.0,-9.0;2.0,-10.0;-10.0,-1.0;5.0,-9.0;7.0,7.0;-9.0,-3.0;3.0,10.0;10.0,-1.0;-1.0,10.0;9.0,4.0;3.0,10.0;-7.0,7.0;-9.0,3.0;-4.0,-9.0;10.0,0.0;5.0,8.0;0.0,10.0;8.0,-6.0;6.0,8.0;-8.0,-6.0;-5.0,-8.0;-4.0,9.0;-10.0,1.0;-9.0,5.0;-2.0,-10.0;-10.0,-1.0;4.0,-9.0;-5.0,-8.0;-7.0,-7.0;7.0,-8.0;2.0,10.0;-3.0,-10.0;-6.0,8.0;-4.0,-9.0;3.0,9.0;-9.0,-5.0;6.0,-8.0;8.0,-6.0;6.0,8.0;0.0,10.0;4.0,-9.0;0.0,10.0;-1.0,-10.0;10.0,-2.0;10.0,-1.0;10.0,1.0;-2.0,-10.0;-10.0,-1.0;-10.0,-1.0;-6.0,8.0;7.0,7.0;-2.0,10.0;10.0,-3.0;4.0,-9.0;-7.0,-7.0;-9.0,4.0;-10.0,-1.0;10.0,0.0;-1.0,10.0;-7.0,7.0;10.0,1.0;-5.0,-9.0;0.0,10.0;-9.0,-5.0;10.0,2.0;-7.0,-7.0;-5.0,-9.0;-10.0,3.0;-4.0,9.0;8.0,6.0;7.0,-7.0;2.0,10.0;10.0,-2.0;5.0,8.0;-8.0,-6.0;9.0,-4.0;-10.0,2.0;-9.0,-5.0
153,106;155,134;13,51;279,315;233,206;27,127;345,120;321,397;301,8;42,41;229,449;398,282;436,390;255,90;48,189;134,280;196,379;306,302;270,80;270,127;244,34;248,56;228,118;82,428;445,3;71,199;492,124;208,275;307,26;374,319;237,245;489,199;31,242;406,82;262,276;243,182;495,188;124,495;53,274;158,478;162,343;431,490;88,490;201,384;426,333;7,221;142,246;80,376;11,135;312,61;404,449;150,380;423,117;139,305;127,89;175,274;199,202;138,470;258,240;51,232;159,375;340,38;114,282;93,248;99,354;288,177;36,208;199,441;408,377;267,436;144,398;101,500;408,358;239,312;446,183;266,428;245,73;222,147;197,343;173,26;205,368;195,421;59,258;393,366;234,230;240,472;417,417;184,268;;-7.0,-7.0;1.0,-10.0;9.0,4.0;-8.0,6.0;-8.0,-6.0;2.0,-10.0;9.0,5.0;3.0,10.0;1.0,-10.0;1.0,-10.0;-6.0,-8.0;-5.0,8.0;10.0,1.0;-5.0,9.0;10.0,-2.0;-10.0,1.0;3.0,-10.0;-8.0,-6.0;0.0,-10.0;-9.0,4.0;-10.0,3.0;4.0,-9.0;2.0,10.0;10.0,1.0;-9.0,3.0;-6.0,8.0;-4.0,9.0;-6.0,-8.0;10.0,0.0;-7.0,7.0;9.0,5.0;8.0,-6.0;3.0,-9.0;8.0,-6.0;2.0,10.0;2.0,10.0;10.0,0.0;-7.0,7.0;6.0,-8.0;6.0,8.0;-10.0,3.0;4.0,-9.0;-6.0,-8.0;8.0,5.0;3.0,9.0;10.0,0.0;-10.0,-3.0;-10.0,-1.0;10.0,0.0;3.0,9.0;-3.0,9.0;-8.0,-6.0;10.0,0.0;1.0,-10.0;-7.0,-7.0;8.0,6.0;4.0,9.0;8.0,-5.0;10.0,1.0;-6.0,8.0;3.0,-10.0;-9.0,5.0;10.0,-2.0;-10.0,0.0;-4.0,9.0;9.0,4.0;-4.0,-9.0;-3.0,9.0;-10.0,0.0;-10.0,3.0;-9.0,4.0;-9.0,-4.0;3.0,-10.0;-6.0,-8.0;-9.0,3.0;1.0,-10.0;-6.0,-8.0;10.0,3.0;10.0,-3.0;0.0,-10.0;-9.0,-4.0;-9.0,5.0;9.0,-4.0;-9.0,3.0;6.0,8.0;9.0,5.0;4.0,-9.0;7.0,7.0
121,422;120,410;108,334;455,367;425,301;174,151;325,27;56,168;314,288;440,132;142,110;8,8;40,377;428,91;216,343;159,23;302,277;167,204;176,39;196,142;255,456;254,350;117,340;132,293;186,476;488,269;210,98;79,159;201,127;200,504;404,492;484,158;379,449;101,183;73,320;191,51;44,264;297,377;466,398;106,208;499,52;364,450;261,488;323,252;22,344;418,325;232,366;497,273;109,2;47,434;284,57;282,11;363,509;73,231;1,192;346,75;36,379;177,312;57,348;255,67;239,349;66,114;313,286;417,176;466,27;279,443;99,88;210,232;301,427;398,182;230,208;27,67;44,500;492,36;86,385;107,50;342,375;226,184;431,477;263,249;51,315;342,497;484,279;22,201;246,498;386,252;41,202;346,367;246,19;;-10.0,2.0;6.0,8.0;8.0,-6.0;-4.0,9.0;9.0,4.0;7.0,7.0;-7.0,-7.0;-6.0,-8.0;10.0,-1.0;8.0,-6.0;-2.0,10.0;10.0,2.0;6.0,-8.0;7.0,7.0;-10.0,2.0;1.0,-10.0;5.0,9.0;2.0,-10.0;1.0,-10.0;-7.0,7.0;10.0,-2.0;5.0,-8.0;7.0,7.0;0.0,-10.0;-10.0,0.0;-8.0,6.0;-6.0,8.0;-6.0,-8.0;9.0,-5.0;8.0,-6.0;-7.0,-7.0;0.0,-10.0;9.0,3.0;10.0,2.0;10.0,1.0;-6.0,8.0;-9.0,3.0;-6.0,8.0;-8.0,-6.0;-9.0,-5.0;1.0,10.0;5.0,-8.0;5.0,9.0;4.0,-9.0;-10.0,2.0;-10.0,2.0;2.0,10.0;1.0,10.0;-7.0,-7.0;1.0,-10.0;-9.0,4.0;10.0,2.0;6.0,8.0;2.0,10.0;-8.0,-6.0;-5.0,8.0;1.0,-10.0;6.0,8.0;-9.0,5.0;8.0,6.0;0.0,10.0;-7.0,-8.0;-5.0,9.0;-8.0,-7.0;9.0,-5.0;-10.0,-2.0;6.0,-8.0;8.0,-6.0;3.0,10.0;10.0,-2.0;0.0,10.0;10.0,2.0;-7.0,-7.0;-6.0,-8.0;2.0,-10.0;9.0,4.0;-10.0,2.0;-6.0,8.0;-3.0,-10.0;-6.0,8.0;10.0,2.0;-3.0,-10.0;-2.0,-10.0;-10.0,-2.0;8.0,-6.0;3.0,-10.0;-7.0,-7.0;-8.0,5.0;-1.0,10.0
183,91;508,306;133,291;243,128;411,485;18,115;412,128;79,58;125,435;58,16;232,200;492,11;208,510;468,413;303,368;330,453;473,290;102,138;44,195;106,48;252,241;499,203;390,203;410,370;101,479;370,239;344,111;416,3;420,152;358,349;84,490;233,52;63,409;217,202;297,195;383,385;96,397;96,221;303,392;373,172;13,144;40,195;87,313;366,423;483,453;262,356;348,242;214,255;371,397;116,5;107,164;219,278;504,388;112,467;470,245;431,489;317,342;159,122;204,146;507,204;225,49;125,224;93,485;335,57;251,147;312,42;398,299;46,385;95,220;472,431;212,18;401,133;206,159;271,7;363,35;124,111;74,358;386,94;29,290;351,489;447,118;225,214;280,385;278,238;508,59;92,197;226,363;495,277;372,231;403,9;;-4.0,-9.0;1.0,10.0;10.0,-2.0;5.0,-8.0;0.0,-10.0;9.0,5.0;6.0,-8.0;-7.0,7.0;-10.0,2.0;7.0,-7.0;10.0,1.0;10.0,2.0;3.0,-9.0;-10.0,-2.0;-7.0,7.0;-3.0,-10.0;10.0,1.0;7.0,7.0;-1.0,10.0;-8.0,6.0;9.0,5.0;0.0,10.0;4.0,-9.0;8.0,-6.0;-10.0,-1.0;-7.0,7.0;-9.0,4.0;9.0,4.0;7.0,7.0;3.0,-9.0;-9.0,5.0;-8.0,6.0;8.0,-6.0;3.0,-9.0;-10.0,2.0;2.0,10.0;9.0,5.0;0.0,-10.0;4.0,9.0;8.0,-6.0;-10.0,0.0;-1.0,-10.0;6.0,8.0;9.0,-5.0;0.0,-10.0;-9.0,-5.0;5.0,9.0;1.0,10.0;9.0,-3.0;4.0,-9.0;5.0,8.0;-8.0,-6.0;-8.0,-6.0;5.0,8.0;-6.0,-8.0;-10.0,-1.0;5.0,-8.0;-1.0,-10.0;9.0,4.0;-3.0,10.0;-9.0,5.0;10.0,3.0;8.0,6.0;-5.0,-8.0;-6.0,-8.0;-7.0,7.0;9.0,3.0;4.0,9.0;-8.0,6.0;-9.0,4.0;-7.0,-7.0;-2.0,-10.0;-10.0,-1.0;-10.0,-2.0;-10.0,-2.0;5.0,9.0;-9.0,-4.0;-4.0,9.0;10.0,-3.0;3.0,-10.0;-9.0,-3.0;10.0,1.0;-5.0,-9.0;4.0,-9.0;-7.0,8.0;9.0,-3.0;10.0,-3.0;2.0,10.0;-4.0,-9.0;8.0,6.0
191,455;451,478;498,248;442,377;205,447;216,443;285,89;151,230;268,18;343,270;436,456;258,240;450,488;21,307;199,204;322,259;351,426;264,49;280,211;258,38;419,276;295,390;460,82;58,22;194,330;221,79;141,389;250,111;391,491;505,172;502,135;355,182;265,133;114,151;405,133;150,405;430,485;490,219;418,377;23,483;494,188;391,110;190,371;326,396;225,337;411,29;99,150;470,326;90,397;51,356;382,475;36,449;357,96;98,255;20,239;112,393;450,156;401,474;299,226;229,331;117,146;362,491;155,388;110,457;398,278;389,351;67,369;163,399;224,221;493,312;195,458;477,202;99,345;177,93;476,180;67,361;353,483;178,261;65,186;455,414;478,420;141,3;254,430;457,117;118,144;256,305;10,33;179,23;78,41;10,438;49,302;;-6.0,-8.0;-1.0,10.0;-9.0,-5.0;-7.0,-8.0;10.0,-2.0;-8.0,7.0;7.0,-8.0;1.0,10.0;10.0,1.0;9.0,5.0;-9.0,-4.0;2.0,10.0;-3.0,-10.0;-4.0,9.0;6.0,-8.0;3.0,-10.0;9.0,5.0;-6.0,8.0;-1.0,10.0;7.0,-7.0;3.0,10.0;-10.0,1.0;-1.0,10.0;-4.0,-9.0;9.0,-5.0;10.0,-2.0;1.0,-10.0;-8.0,6.0;-8.0,-6.0;-7.0,-7.0;3.0,9.0;9.0,-4.0;-9.0,-5.0;-4.0,9.0;-9.0,4.0;3.0,-10.0;0.0,10.0;-8.0,-6.0;-10.0,-3.0;-4.0,9.0;-10.0,-2.0;6.0,-8.0;-10.0,2.0;7.0,-7.0;-8.0,6.0;-4.0,-9.0;-10.0,2.0;4.0,9.0;3.0,9.0;10.0,1.0;-5.0,9.0;9.0,5.0;-9.0,-5.0;8.0,-5.0;10.0,0.0;-1.0,-10.0;8.0,6.0;-4.0,-9.0;-3.0,9.0;-2.0,10.0;-5.0,9.0;-6.0,-8.0;-2.0,10.0;9.0,5.0;7.0,-7.0;-3.0,10.0;0.0,10.0;-8.0,-6.0;9.0,-4.0;-7.0,7.0;10.0,-2.0;-7.0,-7.0;2.0,-10.0;-4.0,9.0;1.0,10.0;9.0,-4.0;3.0,10.0;-10.0,1.0;1.0,-10.0;-8.0,-6.0;-1.0,10.0;-4.0,-9.0;3.0,-10.0;9.0,5.0;-2.0,-10.0;8.0,-5.0;-6.0,-8.0;-3.0,10.0;-10.0,1.0;-5.0,9.0;-6.0,-8.0
238,219;323,216;498,389;258,291;190,37;448,23;462,146;32,341;31,420;329,338;205,174;321,65;33,413;44,221;234,7;213,456;317,28;314,136;341,105;337,497;193,355;318,256;33,143;2,508;368,230;72,118;188,198;253,261;7,329;458,213;354,34;485,114;276,121;259,344;218,369;428,464;323,143;291,53;165,258;223,25;223,170;365,509;442,397;125,138;487,129;115,286;277,405;110,279;114,491;212,231;405,401;150,344;211,92;428,490;112,127;379,236;307,130;151,292;324,407;32,110;411,344;231,334;452,452;362,168;21,399;3,219;489,140;287,309;320,282;489,398;247,116;213,334;31,83;127,58;442,63;86,124;80,48;173,111;213,217;490,287;45,241;416,39;29,360;417,378;58,49;450,270;468,152;335,203;446,68;462,267;238,238;418,336;;-9.0,-5.0;1.0,10.0;6.0,8.0;2.0,-10.0;-9.0,-5.0;-8.0,-6.0;3.0,-9.0;1.0,10.0;-2.0,10.0;10.0,1.0;3.0,-10.0;1.0,-10.0;-1.0,-10.0;7.0,7.0;9.0,-4.0;-9.0,-4.0;1.0,-10.0;9.0,5.0;-10.0,2.0;1.0,-10.0;4.0,9.0;-10.0,3.0;9.0,-5.0;-8.0,6.0;10.0,1.0;-7.0,7.0;-6.0,-8.0;-1.0,10.0;10.0,-2.0;5.0,8.0;-1.0,-10.0;-7.0,-7.0;4.0,9.0;-8.0,7.0;9.0,5.0;10.0,-3.0;-10.0,-1.0;-8.0,6.0;8.0,6.0;9.0,4.0;-3.0,9.0;8.0,6.0;5.0,9.0;6.0,-8.0;10.0,0.0;-5.0,9.0;10.0,1.0;-7.0,7.0;0.0,10.0;7.0,7.0;-9.0,-3.0;-10.0,3.0;-9.0,-4.0;6.0,-8.0;10.0,-1.0;3.0,-10.0;6.0,8.0;10.0,-2.0;-1.0,10.0;7.0,-7.0;4.0,9.0;-10.0,2.0;-2.0,10.0;2.0,-10.0;-1.0,-10.0;-10.0,2.0;-1.0,-10.0;-8.0,6.0;-2.0,-10.0;4.0,-9.0;-10.0,0.0;10.0,0.0;10.0,-1.0;8.0,6.0;-10.0,1.0;9.0,4.0;1.0,-10.0;10.0,-1.0;6.0,8.0;3.0,-10.0;-6.0,-8.0;9.0,-5.0;0.0,10.0;-4.0,-9.0;-3.0,10.0;0.0,10.0;8.0,6.0;10.0,0.0;4.0,-9.0;9.0,-5.0;5.0,-8.0;9.0,-5.0
202,495;90,405;498,336;275,213;253,89;181,153;421,305;249,84;493,436;461,258;233,88;412,229;253,264;375,83;339,219;95,22;261,265;271,277;333,460;400,128;426,138;449,287;114,449;23,312;124,320;150,447;445,377;38,141;511,255;18,310;386,51;38,313;47,184;474,304;245,205;219,179;338,397;331,284;449,80;76,412;179,480;377,79;28,45;436,329;215,360;10,341;405,423;322,10;319,111;374,84;133,204;443,262;267,274;36,329;231,103;379,469;139,211;53,245;234,138;323,225;315,245;234,353;353,195;215,418;208,356;180,214;397,321;205,91;417,248;106,304;39,33;412,122;264,192;160,347;42,362;164,193;67,80;502,143;316,38;98,317;242,321;261,48;221,176;248,54;85,47;300,49;56,278;461,417;284,397;65,272;169,136;338,431;373,242;;1.0,10.0;0.0,-10.0;6.0,-8.0;-2.0,10.0;10.0,1.0;10.0,-3.0;8.0,6.0;10.0,0.0;9.0,3.0;-9.0,4.0;8.0,-5.0;7.0,-7.0;-9.0,4.0;-8.0,6.0;4.0,-9.0;9.0,5.0;0.0,10.0;6.0,-8.0;10.0,-3.0;5.0,-9.0;10.0,0.0;3.0,10.0;6.0,-8.0;-10.0,0.0;-10.0,2.0;-3.0,-10.0;8.0,-6.0;7.0,-7.0;9.0,-4.0;-8.0,-6.0;-8.0,-6.0;5.0,8.0;-3.0,10.0;-10.0,3.0;8.0,-6.0;9.0,5.0;-9.0,5.0;8.0,5.0;-8.0,-6.0;-7.0,-7.0;-9.0,-5.0;-10.0,1.0;-8.0,5.0;9.0,3.0;5.0,-9.0;9.0,-4.0;-6.0,-8.0;-9.0,-5.0;8.0,-6.0;4.0,-9.0;1.0,10.0;10.0,0.0;-5.0,9.0;10.0,0.0;-4.0,-9.0;8.0,6.0;0.0,10.0;-8.0,-6.0;8.0,6.0;-2.0,-10.0;-4.0,9.0;5.0,-9.0;-8.0,-5.0;10.0,-1.0;2.0,-10.0;-2.0,10.0;-9.0,-4.0;-10.0,0.0;-7.0,-7.0;10.0,0.0;-9.0,4.0;-5.0,9.0;-7.0,7.0;-5.0,9.0;6.0,-8.0;8.0,-6.0;1.0,-10.0;-10.0,-2.0;-7.0,7.0;-7.0,7.0;6.0,8.0;10.0,-1.0;1.0,-10.0;10.0,1.0;10.0,2.0;3.0,10.0;-9.0,3.0;-3.0,-10.0;9.0,4.0;-3.0,9.0;-8.0,-6.0;9.0,-4.0;-10.0,-1.0
489,350;48,415;431,211;470,505;406,297;442,58;458,145;196,341;475,120;292,475;444,474;338,315;271,225;24,400;345,454;145,276;405,460;383,247;349,183;489,291;246,130;238,509;187,293;76,441;74,162;331,451;122,279;28,33;378,252;70,163;357,334;501,169;130,460;128,356;169,10;452,76;168,397;251,70;394,19;311,180;184,268;505,444;17,144;107,100;449,269;148,228;363,73;76,363;281,431;252,129;506,214;245,453;336,99;254,4;245,380;210,249;465,327;68,18;37,49;305,274;186,400;45,119;89,184;372,411;408,114;323,470;31,373;43,289;138,130;191,79;479,372;385,489;320,274;109,276;310,57;61,165;298,26;511,280;66,104;90,103;166,349;494,289;400,225;408,223;61,350;155,280;404,97;401,388;50,478;495,291;180,123;338,358;383,493;334,108;;0.0,10.0;3.0,-10.0;-8.0,6.0;-4.0,-9.0;-10.0,-3.0;-1.0,-10.0;-5.0,8.0;9.0,4.0;-10.0,2.0;8.0,-5.0;10.0,2.0;-10.0,-3.0;-8.0,6.0;1.0,-10.0;7.0,7.0;6.0,-8.0;8.0,5.0;8.0,6.0;1.0,-10.0;10.0,2.0;-9.0,-4.0;2.0,-10.0;-7.0,-7.0;-2.0,-10.0;1.0,-10.0;-3.0,-9.0;9.0,-3.0;-5.0,9.0;-5.0,-8.0;-9.0,-5.0;-2.0,10.0;8.0,-6.0;9.0,5.0;10.0,0.0;-10.0,-1.0;5.0,-9.0;-9.0,3.0;9.0,5.0;-6.0,-8.0;9.0,-5.0;-2.0,-10.0;-9.0,-5.0;6.0,-8.0;-2.0,-10.0;7.0,-7.0;0.0,10.0;3.0,-10.0;-1.0,10.0;10.0,3.0;9.0,-5.0;9.0,-5.0;10.0,1.0;5.0,8.0;-10.0,3.0;9.0,-3.0;-1.0,10.0;9.0,-4.0;-5.0,-9.0;-10.0,2.0;3.0,9.0;-10.0,0.0;-10.0,2.0;1.0,10.0;6.0,8.0;-8.0,-6.0;-7.0,8.0;8.0,-6.0;8.0,-6.0;-6.0,8.0;8.0,-6.0;-10.0,3.0;8.0,6.0;-1.0,-10.0;10.0,-2.0;10.0,-1.0;7.0,7.0;10.0,-3.0;-4.0,9.0;9.0,-5.0;-10.0,-3.0;-6.0,-8.0;10.0,3.0;-7.0,-8.0;10.0,0.0;9.0,3.0;9.0,-3.0;4.0,9.0;0.0,-10.0;-6.0,-8.0;-1.0,10.0;10.0,0.0;8.0,6.0;10.0,1.0;-2.0,10.0
244,112;197,273;136,392;151,446;316,295;314,412;20,454;404,11;116,239;20,474;453,83;173,393;496,435;310,492;210,415;188,126;179,56;346,406;381,337;241,378;126,221;396,412;46,159;479,145;128,384;294,135;91,250;330,330;113,18;116,329;148,179;129,443;1,111;90,289;5,427;348,282;102,412;307,110;80,498;464,201;290,504;451,111;274,286;341,10;215,222;469,250;224,160;428,469;368,144;432,144;488,106;435,91;310,482;274,281;83,172;373,416;92,38;246,27;9,416;274,125;263,355;468,113;444,451;11,428;315,348;55,148;418,439;338,457;173,383;296,149;469,456;1,109;497,168;487,326;428,176;423,229;285,119;434,234;434,123;167,145;313,199;368,222;82,40;106,390;70,409;102,500;172,360;72,480;228,191;302,23;34,392;98,323;261,409;205,300;124,103;;9.0,5.0;3.0,-9.0;-10.0,1.0;-5.0,9.0;8.0,-6.0;-2.0,10.0;7.0,7.0;5.0,-9.0;-10.0,-3.0;-4.0,9.0;6.0,8.0;1.0,-10.0;9.0,-3.0;10.0,-2.0;3.0,-9.0;-10.0,0.0;-10.0,0.0;2.0,-10.0;-10.0,2.0;2.0,10.0;-8.0,-6.0;-4.0,9.0;-6.0,-8.0;-8.0,-6.0;-3.0,10.0;-8.0,-6.0;7.0,7.0;10.0,1.0;-10.0,0.0;-4.0,-9.0;-4.0,9.0;-6.0,-8.0;6.0,-8.0;-9.0,5.0;2.0,10.0;9.0,-5.0;3.0,-10.0;9.0,-5.0;4.0,9.0;10.0,-1.0;9.0,4.0;6.0,-8.0;-1.0,10.0;7.0,-8.0;0.0,-10.0;-3.0,10.0;-9.0,5.0;-2.0,10.0;1.0,-10.0;-9.0,-5.0;9.0,4.0;2.0,10.0;8.0,5.0;9.0,5.0;3.0,10.0;-7.0,7.0;-8.0,-6.0;7.0,7.0;-3.0,-10.0;10.0,3.0;-10.0,0.0;1.0,-10.0;-8.0,-6.0;-3.0,-10.0;-9.0,-4.0;4.0,-9.0;1.0,10.0;-9.0,-4.0;-10.0,2.0;-9.0,5.0;-5.0,-9.0;-1.0,10.0;-10.0,0.0;-8.0,-6.0;0.0,-10.0;3.0,9.0;8.0,-6.0;10.0,2.0;8.0,-6.0;-5.0,-9.0;0.0,-10.0;-5.0,-9.0;4.0,9.0;8.0,-6.0;0.0,10.0;-1.0,-10.0;10.0,-1.0;6.0,-8.0;-10.0,-3.0;10.0,-3.0;8.0,-5.0;9.0,5.0;-5.0,9.0;-10.0,1.0;4.0,-9.0
351,333;163,415;407,429;23,166;198,87;295,258;10,377;236,378;460,271;141,393;267,258;319,277;133,393;163,367;369,412;14,440;373,169;415,359;182,164;419,470;486,501;173,366;162,191;361,469;37,136;379,259;229,74;250,489;209,409;313,288;147,19;246,172;467,134;422,260;420,5;188,41;507,330;457,297;201,91;220,393;232,341;163,201;390,382;33,278;380,227;231,22;393,450;92,507;128,97;158,411;190,116;285,283;497,420;194,52;492,416;456,378;89,326;25,130;438,419;30,362;19,317;459,128;282,502;243,161;420,24;100,416;439,260;90,417;183,465;492,413;505,378;114,468;476,125;422,405;281,319;441,128;123,117;374,14;255,23;213,275;428,232;283,112;73,457;189,267;153,147;354,232;498,132;479,130;448,182;321,51;146,443;420,125;373,485;258,103;213,140;477,398;;-8.0,6.0;5.0,-9.0;-9.0,5.0;3.0,-10.0;2.0,10.0;-9.0,-4.0;-9.0,5.0;1.0,10.0;-6.0,-8.0;-9.0,-4.0;-5.0,9.0;-4.0,9.0;6.0,-8.0;-10.0,-2.0;9.0,-4.0;-9.0,-5.0;5.0,-9.0;10.0,2.0;-8.0,-6.0;-4.0,9.0;7.0,-7.0;10.0,-2.0;-8.0,-6.0;4.0,-9.0;9.0,-4.0;-2.0,-10.0;-10.0,-2.0;-7.0,7.0;7.0,7.0;-6.0,-8.0;-9.0,5.0;1.0,-10.0;4.0,9.0;2.0,-10.0;-10.0,1.0;8.0,-7.0;-10.0,2.0;10.0,-3.0;-10.0,0.0;10.0,-1.0;-10.0,0.0;10.0,-1.0;2.0,-10.0;-2.0,-10.0;6.0,-8.0;-10.0,-2.0;0.0,10.0;9.0,-5.0;-3.0,9.0;6.0,-8.0;9.0,-5.0;9.0,5.0;8.0,6.0;7.0,-7.0;-9.0,-3.0;-8.0,-6.0;-9.0,-4.0;-7.0,7.0;5.0,-9.0;-1.0,10.0;-1.0,-10.0;3.0,-10.0;8.0,-6.0;-7.0,7.0;-1.0,-10.0;-7.0,8.0;-3.0,9.0;4.0,-9.0;6.0,-8.0;9.0,4.0;-7.0,-7.0;10.0,1.0;-9.0,-4.0;-8.0,-7.0;10.0,-1.0;-6.0,8.0;-2.0,-10.0;-3.0,-10.0;1.0,10.0;8.0,6.0;-10.0,-1.0;-10.0,0.0;4.0,9.0;10.0,-3.0;-9.0,5.0;8.0,6.0;10.0,-3.0;-10.0,-2.0;-5.0,8.0;-6.0,-8.0;6.0,8.0;-9.0,5.0;0.0,-10.0;-2.0,10.0;-1.0,-10.0;7.0,-7.0
350,249;36,310;448,503;225,412;427,459;208,397;281,499;176,85;24,407;212,342;37,275;132,423;39,192;219,489;114,30;299,11;223,503;100,473;412,111;425,186;78,417;159,409;13,51;308,13;316,132;105,510;5,409;102,147;414,417;88,373;450,327;270,169;345,413;123,253;297,88;506,254;511,255;170,376;248,128;484,81;314,132;160,391;0,373;206,240;214,336;375,98;282,218;296,51;266,38;152,29;7,184;84,290;396,133;54,257;288,283;63,480;93,137;445,482;131,464;78,229;499,154;91,252;361,200;443,112;240,2;99,128;458,380;45,18;125,2;279,204;370,382;476,141;481,161;511,334;1,394;204,106;157,65;345,358;436,196;427,207;325,113;330,371;294,4;270,133;61,285;499,355;288,496;462,326;387,35;372,334;343,52;245,304;312,221;198,274;470,153;399,457;383,35;;9.0,5.0;-3.0,-9.0;10.0,-2.0;-10.0,2.0;-5.0,8.0;8.0,-6.0;-7.0,-7.0;-10.0,0.0;4.0,9.0;6.0,8.0;-10.0,-1.0;-2.0,-10.0;-4.0,-9.0;10.0,0.0;-9.0,3.0;10.0,-1.0;-2.0,10.0;-5.0,-9.0;6.0,8.0;3.0,-9.0;8.0,-6.0;10.0,3.0;-6.0,8.0;-10.0,2.0;6.0,-8.0;-1.0,10.0;8.0,-6.0;3.0,-10.0;-9.0,3.0;-10.0,2.0;-5.0,-8.0;10.0,0.0;-9.0,-5.0;-8.0,7.0;7.0,-7.0;9.0,-3.0;9.0,-4.0;10.0,0.0;4.0,-9.0;0.0,-10.0;-4.0,9.0;-10.0,0.0;-10.0,1.0;3.0,10.0;1.0,-10.0;0.0,-10.0;2.0,-10.0;-5.0,9.0;-7.0,7.0;-5.0,-9.0;8.0,6.0;2.0,10.0;-1.0,-10.0;1.0,-10.0;8.0,-6.0;1.0,-10.0;3.0,-10.0;9.0,4.0;9.0,4.0;-9.0,-5.0;-2.0,10.0;9.0,-3.0;9.0,5.0;10.0,2.0;-10.0,-1.0;-10.0,1.0;-6.0,8.0;-8.0,6.0;6.0,8.0;5.0,-9.0;9.0,-5.0;1.0,10.0;9.0,4.0;9.0,5.0;-2.0,10.0;-4.0,-9.0;-9.0,-4.0;5.0,-8.0;-2.0,-10.0;-8.0,-6.0;-2.0,10.0;-9.0,-3.0;6.0,8.0;-10.0,-1.0;3.0,10.0;-8.0,-6.0;-5.0,-9.0;-9.0,4.0;-4.0,-9.0;8.0,-6.0;-9.0,-4.0;1.0,10.0;-9.0,4.0;7.0,7.0;-10.0,-1.0;9.0,-3.0;-8.0,6.0
477,324;113,493;431,489;62,212;509,362;377,95;469,437;120,60;322,415;502,17;299,278;21,178;133,192;275,399;115,365;373,193;199,340;199,89;235,53;39,73;221,89;65,395;152,142;484,173;477,96;65,163;390,280;465,8;252,467;400,74;379,401;511,357;414,338;135,83;342,235;472,425;188,156;107,200;420,29;16,401;339,182;246,460;336,207;82,14;39,176;507,216;68,266;295,138;81,319;140,164;157,413;254,327;96,206;324,266;413,286;80,157;5,48;439,198;260,373;404,59;241,251;259,97;251,369;115,102;77,191;392,474;184,204;379,348;445,23;24,457;493,359;489,454;308,214;343,150;319,223;502,45;374,147;111,295;121,470;235,212;461,235;390,238;89,286;205,56;345,202;2,197;122,389;413,276;318,351;357,183;498,255;175,136;134,427;363,438;377,271;393,12;221,476;269,7;;4.0,-9.0;-6.0,-8.0;-10.0,3.0;-4.0,9.0;-7.0,-7.0;-10.0,-1.0;7.0,7.0;10.0,-1.0;-6.0,-8.0;-10.0,-1.0;9.0,4.0;1.0,-10.0;-2.0,10.0;-5.0,9.0;9.0,-4.0;-5.0,-8.0;-9.0,-4.0;-7.0,7.0;8.0,-6.0;10.0,-1.0;6.0,-8.0;-10.0,0.0;8.0,6.0;9.0,5.0;10.0,-1.0;4.0,-9.0;8.0,-7.0;9.0,5.0;-9.0,-5.0;-10.0,3.0;-7.0,7.0;8.0,5.0;-10.0,-1.0;-9.0,-5.0;-6.0,-8.0;8.0,6.0;10.0,-2.0;-9.0,-3.0;5.0,9.0;-1.0,10.0;-10.0,-1.0;5.0,9.0;1.0,10.0;-10.0,1.0;-8.0,5.0;-5.0,8.0;-3.0,10.0;-7.0,7.0;-6.0,-8.0;10.0,2.0;2.0,10.0;-2.0,-10.0;-3.0,10.0;-4.0,9.0;1.0,-10.0;8.0,-7.0;8.0,7.0;-5.0,-9.0;-10.0,0.0;-5.0,9.0;-8.0,-6.0;6.0,-8.0;10.0,2.0;-10.0,0.0;9.0,-4.0;4.0,9.0;-6.0,8.0;6.0,-8.0;-2.0,10.0;10.0,2.0;-1.0,-10.0;10.0,0.0;9.0,-5.0;-8.0,-6.0;-10.0,-1.0;4.0,-9.0;-7.0,-7.0;10.0,-2.0;4.0,9.0;10.0,2.0;-10.0,1.0;10.0,2.0;-4.0,9.0;-8.0,6.0;7.0,-7.0;-4.0,-9.0;10.0,0.0;10.0,-2.0;8.0,6.0;-3.0,-9.0;-9.0,-5.0;8.0,-6.0;4.0,9.0;-7.0,7.0;5.0,9.0;-2.0,10.0;9.0,5.0;-10.0,-1.0
424,354;228,34;96,497;150,463;305,189;442,230;146,302;30,52;408,489;227,391;25,221;61,159;408,306;130,0;251,446;445,113;476,21;152,125;212,32;211,59;79,47;180,363;452,200;60,221;243,189;164,215;222,267;389,455;236,201;292,119;405,247;478,121;396,251;202,103;46,89;449,481;96,441;255,405;308,127;342,45;401,175;298,481;230,205;177,455;417,138;196,206;473,274;27,344;303,80;459,426;51,42;345,280;407,443;310,436;258,167;128,8;511,279;412,187;63,41;0,508;325,190;384,434;422,110;363,139;359,175;279,359;180,335;132,94;265,225;153,92;401,425;441,304;493,178;81,189;27,172;76,209;272,483;203,129;199,381;26,320;450,485;212,349;411,176;396,440;110,322;477,136;433,496;148,79;283,120;326,40;395,199;64,443;485,26;395,181;3,17;177,351;266,210;279,101;212,480;;7.0,7.0;-6.0,8.0;5.0,-9.0;-1.0,10.0;9.0,-5.0;1.0,-10.0;8.0,-6.0;-10.0,-2.0;8.0,-6.0;3.0,9.0;-9.0,5.0;-9.0,5.0;10.0,2.0;5.0,8.0;5.0,-9.0;-7.0,7.0;-9.0,-4.0;-8.0,-6.0;-7.0,-7.0;9.0,5.0;9.0,-3.0;1.0,-10.0;4.0,-9.0;-8.0,6.0;-6.0,8.0;-10.0,2.0;-4.0,-9.0;-8.0,6.0;8.0,6.0;-9.0,-5.0;10.0,1.0;4.0,-9.0;2.0,10.0;-6.0,-8.0;-9.0,3.0;-3.0,9.0;-10.0,3.0;8.0,6.0;-9.0,-5.0;6.0,8.0;-5.0,-9.0;-2.0,-10.0;-5.0,9.0;7.0,7.0;6.0,-8.0;10.0,-1.0;-9.0,4.0;1.0,10.0;-2.0,-10.0;-1.0,-10.0;-5.0,-8.0;6.0,8.0;-7.0,8.0;-10.0,1.0;10.0,2.0;3.0,-10.0;2.0,-10.0;8.0,6.0;1.0,10.0;10.0,-2.0;10.0,2.0;8.0,-6.0;0.0,10.0;-6.0,-8.0;6.0,-8.0;-8.0,6.0;-6.0,8.0;0.0,-10.0;-4.0,9.0;9.0,-4.0;-7.0,-7.0;-8.0,-7.0;-5.0,9.0;6.0,-8.0;-7.0,-7.0;-2.0,10.0;3.0,-10.0;-10.0,-3.0;-6.0,-8.0;-10.0,0.0;10.0,3.0;7.0,-7.0;10.0,-2.0;5.0,-9.0;8.0,-6.0;9.0,-4.0;6.0,8.0;-9.0,-5.0;-10.0,3.0;0.0,10.0;-4.0,-9.0;-7.0,-7.0;1.0,-10.0;-1.0,-10.0;10.0,-1.0;-10.0,1.0;-10.0,-1.0;-10.0,1.0;3.0,-10.0
493,317;110,394;301,288;174,402;217,341;198,494;332,468;12,67;39,18;432,15;70,387;255,40;53,103;307,467;65,31;379,78;353,228;201,170;317,274;458,400;123,68;504,290;104,510;80,225;223,449;441,373;81,323;376,387;370,54;133,359;160,6;352,46;115,171;408,443;366,433;219,198;307,159;219,428;397,20;82,301;191,62;491,266;168,76;178,486;249,205;438,328;229,296;441,139;245,169;447,160;14,55;255,35;59,72;108,133;340,15;326,182;75,307;380,276;62,240;430,146;252,189;105,236;416,455;22,52;413,427;503,407;511,488;364,37;224,332;162,234;470,134;66,373;373,68;458,261;193,463;222,357;380,321;82,191;470,132;215,269;424,261;186,351;104,89;339,189;485,237;300,355;83,144;222,394;206,306;344,276;112,302;165,51;229,310;103,68;397,189;189,205;201,48;463,69;194,241;290,408;;9.0,4.0;2.0,10.0;6.0,-8.0;-6.0,-8.0;-2.0,-10.0;10.0,0.0;-9.0,5.0;2.0,10.0;5.0,-9.0;4.0,9.0;-10.0,-2.0;8.0,-6.0;-3.0,-9.0;4.0,-9.0;10.0,2.0;10.0,2.0;-5.0,9.0;9.0,-5.0;9.0,5.0;-2.0,-10.0;10.0,1.0;7.0,7.0;-10.0,2.0;4.0,-9.0;8.0,7.0;-10.0,-1.0;-10.0,-2.0;5.0,-9.0;-6.0,-8.0;-2.0,-10.0;8.0,-6.0;7.0,-8.0;-5.0,9.0;-4.0,-9.0;-7.0,7.0;10.0,-2.0;9.0,5.0;5.0,8.0;-5.0,8.0;-5.0,-9.0;-7.0,-7.0;-4.0,9.0;-6.0,-8.0;-2.0,-10.0;9.0,-4.0;8.0,6.0;10.0,3.0;1.0,-10.0;0.0,-10.0;10.0,1.0;-3.0,9.0;5.0,9.0;6.0,-8.0;-9.0,-4.0;-9.0,-4.0;4.0,-9.0;-6.0,8.0;-5.0,-9.0;0.0,10.0;7.0,-7.0;-10.0,2.0;8.0,-6.0;-10.0,-3.0;-9.0,-4.0;4.0,9.0;9.0,-4.0;9.0,-4.0;-7.0,-7.0;9.0,4.0;-10.0,2.0;-3.0,-9.0;-8.0,6.0;10.0,1.0;9.0,-3.0;-7.0,8.0;2.0,-10.0;-8.0,6.0;-7.0,7.0;-1.0,-10.0;-9.0,-4.0;6.0,8.0;4.0,-9.0;-10.0,0.0;0.0,10.0;9.0,5.0;-9.0,4.0;10.0,1.0;2.0,-10.0;8.0,6.0;-10.0,3.0;5.0,9.0;10.0,0.0;9.0,-4.0;10.0,-2.0;-6.0,-8.0;-5.0,8.0;-8.0,-6.0;-4.0,9.0;-6.0,8.0;-10.0,-3.0
98,83;22,414;302,59;452,444;280,412;269,21;53,181;190,41;469,5;297,310;13,41;315,44;327,71;82,423;299,34;240,110;241,429;481,386;295,23;17,431;402,235;305,338;326,327;28,21;159,204;267,315;232,334;148,422;139,285;128,286;499,409;294,191;456,118;489,416;455,175;359,209;239,141;234,251;214,305;417,377;188,235;13,32;69,25;456,139;78,456;293,370;425,371;183,298;43,510;171,473;146,169;139,147;408,250;474,145;305,502;107,32;158,346;158,311;2,332;349,440;23,298;212,304;425,334;175,447;31,317;308,256;95,465;358,234;176,499;178,197;444,420;267,5;256,380;333,385;357,443;357,239;86,40;306,136;247,257;466,467;392,436;403,94;377,369;315,234;465,400;31,499;164,509;121,94;486,388;292,260;358,310;155,371;264,446;408,43;467,228;178,246;127,318;19,360;462,187;350,473;103,48;;3.0,-9.0;1.0,10.0;-9.0,-3.0;-9.0,-5.0;4.0,9.0;7.0,-7.0;-6.0,8.0;10.0,2.0;6.0,8.0;6.0,-8.0;-4.0,-9.0;-3.0,9.0;-4.0,9.0;-10.0,2.0;-6.0,-8.0;-4.0,-9.0;10.0,-3.0;9.0,4.0;5.0,8.0;-8.0,5.0;-2.0,10.0;8.0,-6.0;1.0,10.0;10.0,0.0;3.0,-10.0;-10.0,3.0;-9.0,-4.0;1.0,10.0;5.0,9.0;9.0,5.0;-3.0,-9.0;-4.0,-9.0;10.0,0.0;10.0,3.0;9.0,5.0;2.0,-10.0;8.0,-7.0;-10.0,3.0;7.0,-7.0;9.0,-3.0;2.0,-10.0;7.0,8.0;6.0,8.0;-8.0,-6.0;-10.0,2.0;-6.0,-8.0;5.0,-9.0;2.0,10.0;-1.0,-10.0;8.0,-6.0;-8.0,-7.0;9.0,-3.0;9.0,-4.0;9.0,3.0;-7.0,-7.0;10.0,1.0;5.0,-8.0;10.0,1.0;10.0,0.0;10.0,-1.0;-10.0,2.0;3.0,10.0;10.0,0.0;-9.0,-5.0;-10.0,-1.0;5.0,9.0;-10.0,3.0;10.0,-1.0;-10.0,2.0;-10.0,0.0;8.0,-6.0;-10.0,2.0;10.0,-2.0;-7.0,-7.0;0.0,10.0;2.0,-10.0;-7.0,-7.0;-8.0,-6.0;-9.0,5.0;9.0,-5.0;-4.0,9.0;5.0,9.0;0.0,-10.0;1.0,-10.0;4.0,9.0;-2.0,-10.0;7.0,7.0;-10.0,0.0;-6.0,-8.0;9.0,5.0;-10.0,1.0;9.0,-4.0;-6.0,8.0;-2.0,10.0;10.0,-2.0;-4.0,-9.0;-2.0,-10.0;2.0,10.0;-10.0,-2.0;10.0,0.0;-7.0,-7.0
411,144;316,257;411,324;29,257;254,52;439,163;152,267;17,91;455,460;52,53;373,384;446,482;280,149;159,279;120,413;130,17;500,498;272,243;3,439;292,15;229,220;136,332;29,505;329,263;9,90;496,444;182,465;425,421;48,185;210,388;28,501;71,438;183,46;377,510;458,313;476,169;303,210;72,26;37,271;206,124;224,142;148,140;357,434;226,349;146,142;300,511;327,347;435,426;240,474;135,7;386,286;497,150;42,5;87,60;450,128;279,64;386,80;467,89;90,429;300,485;101,41;208,225;194,455;260,218;127,152;422,49;349,287;184,372;243,202;509,392;483,271;42,259;91,3;505,280;303,129;372,8;67,238;423,1;63,46;167,491;97,6;373,479;59,152;457,21;214,271;79,353;237,505;428,110;170,91;112,290;355,61;362,435;65,267;365,9;304,82;30,18;207,337;127,361;172,254;331,236;433,78;231,246;;-8.0,6.0;1.0,10.0;6.0,-8.0;-1.0,10.0;-7.0,-7.0;8.0,6.0;-6.0,-8.0;8.0,-6.0;-5.0,-9.0;-7.0,7.0;6.0,-8.0;-5.0,8.0;8.0,-6.0;-10.0,2.0;9.0,4.0;-3.0,-10.0;-6.0,8.0;0.0,10.0;4.0,-9.0;-7.0,7.0;4.0,-9.0;-10.0,-3.0;0.0,-10.0;10.0,1.0;3.0,10.0;-3.0,-10.0;-4.0,9.0;10.0,0.0;7.0,-7.0;-3.0,10.0;-8.0,6.0;6.0,-8.0;-10.0,1.0;-10.0,-2.0;-1.0,-10.0;-8.0,6.0;-10.0,2.0;9.0,5.0;2.0,-10.0;0.0,10.0;-8.0,6.0;9.0,5.0;-9.0,-5.0;-10.0,0.0;8.0,-6.0;5.0,9.0;8.0,-6.0;-4.0,9.0;4.0,-9.0;8.0,6.0;2.0,10.0;-4.0,9.0;10.0,2.0;8.0,6.0;1.0,10.0;2.0,10.0;0.0,10.0;-9.0,4.0;8.0,-6.0;-1.0,10.0;9.0,3.0;8.0,6.0;1.0,-10.0;10.0,-1.0;-4.0,9.0;-3.0,10.0;2.0,-10.0;10.0,-1.0;-8.0,6.0;-10.0,0.0;9.0,5.0;7.0,-8.0;-6.0,8.0;10.0,2.0;-3.0,-10.0;9.0,5.0;4.0,9.0;-10.0,1.0;10.0,0.0;-2.0,-10.0;3.0,-10.0;-4.0,9.0;9.0,4.0;-4.0,9.0;6.0,-8.0;5.0,-9.0;9.0,4.0;6.0,8.0;-3.0,-10.0;-9.0,5.0;8.0,-5.0;1.0,10.0;9.0,4.0;1.0,-10.0;-7.0,7.0;-10.0,1.0;-8.0,6.0;-7.0,-7.0;9.0,-5.0;7.0,-7.0;-7.0,7.0;-9.0,-5.0
